// Changes summary: minimum LumDelay clamped to 0.1 to prevent instant auto exposure; Moon made visible in SUNNY night.

////////// EXTRASUNNY
//Amb0            Amb1            Dir            Sky top        Sky bot        SunCore        SunCorona     SunSz  SprBght FarClp   FogSt   LowCloudsRGB  BottomCloudRGB  WaterRGBA      Exposure BPThreshold MidGreyValue IntensityBloom ColourCorrectRGB ColourAddRGB Desaturation Contrast Gamma DesaturationFar ContrastFar GammaFar DepthFxNear DepthFxFar LumMin LumMax LumDelay CloudAlpha DirLightMult AmbLightMult0 AmbLightMult1 SkyLightMult SunMult Temperature   Far DOF   Near DOF   Near Blur DOF   Mid Blur DOF   Far Blur DOF    Water Reflection    Particle HDR    Sprite Size		Global sun multiplier ambient occlusion scaler
//Midnight
 96 150 184     30 166 217     47 187 196      0  14 116      0 102 255      0   0   0      0   0   0      1.20    1.20 1500.00   50.00   35   9  10     26  30  36    43  48  54 154    2.69     0.30       0.71        4.94    96 146 156      0   0   0     0.34       1.00    0.78     0.83         1.00      1.19     15.75    182.64   19.88  256.00  0.10         0       1.00         3.51          3.57       1.84      0.00     0  1.389 0.302 0.399 0.496 0.812 0.906 1.000 0.752 0.673 0.525 0.361 0.310 0.310 1.000 4.976 0.162 1.000 0.000 0.436 0.435 0.435 0.603 0.998 0.265 0.132 0.680 0.757 8.000 0.667 1.700 1.000 0.088 0.675 0.124 0.890 1.265 0.666 0.666 0.666 0.063 0.886 0.799 0.799 0.624 6.900 0.320 0.180 0.029 24.962 25.000 26.000 0.114 1.057 0.980 1.000 0.000 0.000 1000.000 0.000 0.000 0.000 0.000 3.498 0.750 1.000 1.000 1.000 0.800    2.00 1.000 1.000
//5AM
128 153 186     93 153 199     83 252 252      0  15 100     23 126 251     41  39  39     41  39  39      1.20    1.20 1500.00   54.00   35   9  10     26  30  36    45  45  45 168    2.28     0.25       0.69        1.23   101 142 148      0   0   0     0.51       1.00    0.85     0.83         1.00      1.35     15.79    174.12   16.93  256.00  0.10         0       2.50         3.69          3.85       2.75      2.00     1  1.080 0.373 0.471 0.573 0.820 0.839 0.922 0.792 0.710 0.553 0.459 0.400 0.353 1.000 4.500 0.168 1.000 0.000 0.443 0.443 0.443 0.569 1.044 0.260 0.132 0.680 0.757 8.000 0.667 1.700 1.000 0.088 0.631 0.124 0.892 1.265 0.686 0.686 0.686 0.075 0.894 0.792 0.792 0.550 9.697 0.484 0.165 0.024 24.000 25.000 26.000 0.095 0.882 0.980 1.000 0.000 0.000 1000.000 0.000 0.000 0.141 0.428 1.000 1.000 1.000 1.000 1.000 0.733    2.00 1.000 1.000
//6AM
160 209 254     53 123 239    255 242 230      0  24  21    139 251 232    249 237 237    249 237 237      1.00    1.00 1500.00   73.97  113 115 113    106 105 102    56  30   3 239    0.24     0.01       0.60        1.55    92 136 138      0   0   0     0.65       1.00    0.71     0.82         1.00      1.17     16.01    131.49    2.19  254.89  0.17        71       7.79         1.69          3.25       5.35     12.50     9  0.379 0.730 0.839 0.944 0.867 0.514 0.520 1.000 0.894 0.698 0.958 0.844 0.570 1.000 2.202 0.200 1.000 0.000 0.478 0.478 0.478 0.401 1.276 0.238 0.132 0.680 0.757 8.000 0.667 1.700 1.000 0.090 0.408 0.124 0.901 1.265 0.794 0.793 0.793 0.138 0.945 0.761 0.761 0.177 23.683 0.006 0.674 0.000 24.029 25.000 26.000 0.002 0.005 0.980 1.000 0.000 0.000 1000.000 0.000 0.000 0.216 1.000 1.061 1.100 1.000 1.000 1.000 0.900    2.00 1.000 1.000
//7AM
166 212 255     42 119 250    237 164  95      0  34  24    140 255 236    255 255 255    255 255 255      1.00    1.00 1500.00   73.03  119 120 120    105 105 105    10   6   2 239    0.14     0.00       0.61        2.88   130 111  83      0   0   0     0.66       1.00    0.71     0.82         1.00      1.18     15.99    127.95    1.46  255.92  0.17        77      17.00         4.00          4.50      12.75     13.00    10  0.400 0.741 0.847 0.949 0.871 0.486 0.486 1.000 0.894 0.698 1.000 0.882 0.588 1.000 1.860 0.203 1.000 0.000 0.478 0.478 0.478 0.396 1.296 0.252 0.132 0.680 0.757 8.000 0.667 1.700 1.000 0.088 0.400 0.124 0.890 1.265 0.800 0.800 0.800 0.140 0.953 0.761 0.761 0.164 25.000 0.000 0.685 0.000 24.000 25.000 26.000 0.000 0.000 0.980 1.000 0.000 0.000 1000.000 0.000 0.000 0.225 1.000 1.050 1.000 1.000 1.000 1.000 0.600    2.00 1.000 1.000
//9AM
184 229 252    255 167 122    252 252 235      0  17   0     82 154 217    255 255 255    255 255 255      1.00    1.00 1500.00  100.00   58  72  40    199 230 196     6  14  18 240    0.14     0.16       0.62        1.83   158 133  92      0   0   0     0.63       1.00    0.60     0.51         1.00      0.90     16.00    128.00    1.53  256.00  0.10       217      17.00         4.75          5.00      19.25     13.00    10  0.360 0.396 0.592 0.788 0.451 0.675 0.902 0.451 0.675 0.902 0.000 0.749 1.000 1.000 16.660 0.155 1.000 0.000 0.290 0.290 0.290 0.102 1.066 0.000 0.132 0.680 0.000 8.000 0.667 1.700 1.000 0.354 0.354 0.500 0.400 0.435 0.102 0.102 0.102 1.265 0.659 0.655 0.655 0.000 1.700 0.000 0.685 0.000 24.000 25.000 26.000 0.000 0.000 0.980 1.000 0.000 0.296 1000.000 0.000 0.000 0.200 1.000 1.000 0.800 1.000 1.000 1.000 0.700    2.00 1.000 1.000
//Midday
184 229 252    255 167 122    252 252 235      0  25   0     82 154 217    255 255 255    255 255 255      1.00    1.00 1500.00  100.00   58  72  40    199 230 196     6  14  18 240    0.14     0.16       0.62        1.83   161 117  74      0   0   0     0.63       1.00    0.60     0.51         1.00      0.90     16.00    128.00    1.53  256.00  0.10       217      17.00         4.75          5.00      19.25     13.00    10  0.360 0.396 0.592 0.788 0.451 0.675 0.902 0.451 0.675 0.902 0.000 0.749 1.000 1.000 16.660 0.155 1.000 0.000 0.290 0.290 0.290 0.102 1.066 0.000 0.132 0.680 0.000 8.000 0.667 1.700 1.000 0.354 0.354 0.500 0.400 0.435 0.102 0.102 0.102 1.265 0.659 0.655 0.655 0.000 1.700 0.000 0.685 0.000 24.000 25.000 26.000 0.000 0.000 0.980 1.000 0.000 0.296 1000.000 0.000 0.000 0.200 1.000 1.000 0.800 1.000 1.000 1.000 0.700    2.00 1.000 1.000
//6PM
163 224 255    255 167 122    252 252 235      0  24   0     82 154 217    255 255 255    255 255 255      1.00    1.00 1500.00  100.00   58  72  40    199 230 196     6  14  18 240    0.14     0.16       0.62        4.30   156 129  73      0   0   0     0.63       1.00    0.60     0.51         1.00      0.90     16.00    128.00    1.53  256.00  0.10       217      17.00         4.75          5.00      13.00     13.00    10  0.360 0.396 0.592 0.788 0.451 0.675 0.902 0.451 0.675 0.902 0.000 0.749 1.000 1.000 16.660 0.155 1.000 0.000 0.290 0.290 0.290 0.102 1.066 0.000 0.132 0.680 0.000 8.000 0.667 1.700 1.000 0.354 0.354 0.500 0.400 0.435 0.102 0.102 0.102 1.265 0.659 0.655 0.655 0.000 1.700 0.000 0.685 0.000 24.000 25.000 26.000 0.000 0.000 0.980 1.000 0.000 0.296 1000.000 0.000 0.000 0.200 1.000 1.000 1.000 1.000 1.000 1.000 0.700    2.00 1.000 1.000
//7PM
166 224 255    255 225   0    255 189 158      0  33  24    255 140 140    255 255 255    255 255 255      1.00    1.00 1500.00   73.00  119 120 120    105 105 105    15  15  15 239    0.14     0.43       0.63        2.43   143 104  54      0   0   0     0.75       1.00    0.72     0.82         1.00      1.18     16.00    128.00    1.46  256.00  0.17        77      13.00         5.50          4.50      11.25     13.00    10  0.400 0.729 0.922 1.000 0.871 0.635 0.486 1.000 0.894 0.698 1.000 0.882 0.588 1.000 4.320 0.495 1.000 0.000 0.490 0.447 0.447 0.396 1.296 0.252 0.132 0.680 0.757 8.000 0.667 1.700 1.000 0.088 0.400 0.124 0.890 1.265 0.800 0.800 0.800 0.140 0.949 0.863 0.761 0.164 8.000 0.000 0.685 0.000 24.000 25.000 26.000 0.000 0.000 0.980 1.000 0.000 0.000 1000.000 0.000 0.000 0.225 1.000 1.050 1.000 1.000 1.000 1.000 0.600    2.00 1.000 1.000
//8PM
166 224 255    255 225   0    255 189 158      0  35  24    255 140 140    255 255 255    255 255 255      1.00    1.00 1500.00   73.00  119 120 120    105 105 105    28  28  28 239    0.14     0.43       0.63        2.43   140 104  56      0   0   0     0.75       1.00    0.72     0.82         1.00      1.18     16.00    128.00    1.46  256.00  0.17        77      13.00         5.50          4.50      11.25     13.00    10  0.400 0.729 0.922 1.000 0.871 0.635 0.486 1.000 0.894 0.698 1.000 0.882 0.588 1.000 4.320 0.788 1.000 0.000 0.490 0.447 0.447 0.396 1.296 0.252 0.132 0.680 0.757 8.000 0.667 1.700 1.000 0.088 0.400 0.124 0.890 1.265 0.800 0.800 0.800 0.140 0.949 0.863 0.761 0.164 8.000 0.000 0.685 0.000 24.000 25.000 26.000 0.000 0.000 0.980 1.000 0.000 0.000 1000.000 0.000 0.000 0.225 1.000 1.050 1.000 1.000 1.000 1.000 0.700    2.00 1.000 1.000
//9PM
166 224 255    255 225   0    255 189 158      0  25  24    255 140 140    255 255 255    255 255 255      1.00    1.00 1500.00   73.00  119 120 120    105 105 105    20  20  20 239    0.58     0.43       0.63        2.43   138 108  69      0   0   0     0.75       1.00    0.72     0.82         1.00      1.18     16.00    128.00    3.66  256.00  0.17        77       6.50         2.25          2.25       4.00     13.00    10  0.400 0.545 0.553 0.690 0.871 0.635 0.486 1.000 0.894 0.698 1.000 0.882 0.588 1.000 4.320 0.788 1.000 0.000 0.490 0.447 0.447 0.396 1.296 0.252 0.132 0.680 0.757 8.000 0.667 1.700 1.000 0.088 0.400 0.124 0.890 1.265 0.071 0.071 0.071 0.140 0.949 0.863 0.761 0.164 8.000 0.000 0.685 0.000 24.000 25.000 26.000 0.000 0.000 0.980 1.000 0.000 0.000 1000.000 0.000 0.000 0.225 1.000 1.050 0.800 1.000 1.000 1.000 0.700    2.00 1.000 1.000
//10PM
 96 150 184     30 166 217     42 169 177      0  16 116      0 102 255      0   0   0      0   0   0      1.20    1.20 1500.00   50.77   35   9  10     26  30  36    43  48  54 154    2.66     0.31       0.71        4.92    90 143 153      0   0   0     0.34       1.00    0.76     0.83         1.00      1.24     15.67    181.86   19.86  255.19  0.10         0       2.75         3.51          3.57       1.84      0.00     0  1.382 0.302 0.399 0.496 0.812 0.906 1.000 0.752 0.673 0.525 0.361 0.310 0.310 1.000 4.976 0.162 1.000 0.000 0.436 0.435 0.435 0.603 0.998 0.265 0.132 0.680 0.757 8.000 0.667 1.700 1.000 0.088 0.675 0.124 0.890 1.265 0.666 0.666 0.666 0.063 0.886 0.799 0.799 0.624 6.900 0.320 0.180 0.029 24.962 25.000 26.000 0.114 1.057 0.980 1.000 0.000 0.000 1000.000 0.000 0.000 0.126 0.314 3.498 0.750 1.000 1.000 1.000 0.800    2.00 1.000 1.000

////////// SUNNY
//Amb0            Amb1            Dir            Sky top        Sky bot        SunCore        SunCorona     SunSz  SprBght FarClp   FogSt   LowCloudsRGB  BottomCloudRGB  WaterRGBA      Exposure BPThreshold MidGreyValue IntensityBloom ColourCorrectRGB ColourAddRGB Desaturation Contrast Gamma DesaturationFar ContrastFar GammaFar DepthFxNear DepthFxFar LumMin LumMax LumDelay CloudAlpha DirLightMult AmbLightMult0 AmbLightMult1 SkyLightMult SunMult Temperature   Far DOF   Near DOF   Near Blur DOF   Mid Blur DOF   Far Blur DOF    Water Reflection    Particle HDR    Sprite Size		Global sun multiplier ambient occlusion scaler
//Midnight
141 163 182    144 148 180     59 206 255      0  15   0     13  13  13      0   0   0      0   0   0      1.00    1.00 1500.00   50.00   35   9  10     26  30  36     0  42  59 150    2.40     0.63       0.70        4.45   128 128 128      0   0   0     0.65       1.00    0.77     0.62         1.00      1.20     15.00    348.75   19.88  256.00  0.10         0       2.00         3.92          3.93       3.05      0.00     0  0.643 0.220 0.220 0.220 1.000 0.561 0.059 0.000 0.000 0.000 0.361 0.310 0.310 1.000 11.205 0.000 1.000 0.000 0.310 0.306 0.306 0.368 0.998 1.070 0.132 0.680 0.757 8.000 0.667 1.700 1.000 0.088 1.513 0.124 0.890 1.265 0.259 0.259 0.259 0.140 0.953 0.761 0.761 0.164 8.000 0.359 0.174 0.032 24.000 25.000 26.000 0.100 1.000 0.980 1.000 0.000 0.000 1000.000 0.000 0.000 0.100 0.250 3.825 0.800 1.000 1.000 1.000 0.900    2.00 1.000 1.000
//5AM
141 163 182    144 148 180     59 206 255      0  15   0     13  13  13      0   0   0      0   0   0      1.00    1.00 1500.00   50.00   35   9  10     26  30  36    45  55  55 150    2.40     0.63       0.70        4.45   128 128 128      0   0   0     0.65       1.00    0.77     0.62         1.00      1.20     15.00    348.75   19.88  256.00  0.10         0       2.00         3.92          3.93       3.05      0.00     0  0.643 0.220 0.220 0.220 1.000 0.561 0.059 0.000 0.000 0.000 0.361 0.310 0.310 1.000 11.205 0.000 1.000 0.000 0.310 0.306 0.306 0.368 0.998 1.070 0.132 0.680 0.757 8.000 0.667 1.700 1.000 0.088 1.513 0.124 0.890 1.265 0.259 0.259 0.259 0.140 0.412 0.318 0.318 0.164 8.000 0.359 0.174 0.032 24.000 25.000 26.000 0.100 1.000 0.980 1.000 0.000 0.000 1000.000 0.000 0.000 0.100 0.250 2.775 0.800 1.000 1.000 1.000 0.900    2.00 1.000 1.000
//6AM
141 159 152    247 218 108    255 148   8      0  30  22    191 200 160    250   0   0    250   0   0      1.00    1.00 1500.00  100.00   58  72  40    179 148  88     0  40  60 240    0.93     0.00       0.46        1.84   101 130 109      0   0   0     0.43       1.00    0.75     1.00         1.00      1.18     16.00    128.00    9.93  234.82  0.20         0       8.41         7.21          7.80      11.00      7.25     2  0.460 0.722 0.859 1.000 0.812 0.906 1.000 1.000 0.894 0.698 0.361 0.310 0.310 1.000 6.613 0.215 1.000 0.000 0.478 0.478 0.478 0.368 0.998 0.000 0.132 0.680 0.757 8.000 0.667 1.700 1.000 0.088 0.400 0.124 0.890 1.265 0.800 0.800 0.800 0.140 0.953 0.761 0.761 0.164 25.000 0.000 0.685 0.000 24.000 25.000 26.000 0.000 0.000 0.980 1.000 0.000 0.000 1000.000 0.000 0.000 0.150 1.000 1.000 1.400 1.000 1.000 1.000 0.800    2.00 1.000 1.000
//7AM
255 227 166    250 136  42    255 148  41      0  35  24    255 140 140    255 255 255    255 255 255      1.00    1.00 1500.00   73.00  119 120 120    105 105 105    20  20  20 239    0.14     0.00       0.61        2.88   122 110  94      0   0   0     0.66       1.00    0.71     0.82         1.00      1.18     16.00    128.00    1.46  256.00  0.17        77      20.75         4.00          4.50      12.75     13.00    10  0.400 0.678 0.839 1.000 0.384 0.812 0.871 1.000 0.894 0.698 1.000 0.882 0.588 1.000 1.860 0.203 1.000 0.000 0.478 0.478 0.478 0.396 1.296 0.252 0.132 0.680 0.757 8.000 0.667 1.700 1.000 0.088 0.400 0.124 0.890 1.265 0.800 0.800 0.800 0.140 0.953 0.761 0.761 0.164 25.000 0.000 0.685 0.000 24.000 25.000 26.000 0.000 0.000 0.980 1.000 0.000 0.000 1000.000 0.000 0.000 0.225 1.000 1.050 1.000 1.000 1.000 1.000 0.000    2.00 1.000 1.000
//9AM
 50 199 184    235 195 162    255 208 163      0  25  44     51 150 255    255 255 255    255 255 255      1.00    1.00 1500.00  147.10  119 120 120    105 105 105     0   0   0 239    0.20     0.00       0.61        2.87   143 104  69      0   0   0     0.71       1.00    0.80     1.00         1.00      1.18     15.94    127.65    1.47  255.43  0.10        77      10.25         4.00          6.00       8.00      1.50     9  0.458 0.529 0.757 0.910 0.949 0.969 1.000 1.000 0.894 0.698 0.361 0.310 0.310 1.000 1.860 0.451 1.000 0.000 0.561 0.478 0.408 0.396 1.434 0.285 0.132 0.680 1.000 6.272 0.548 0.378 1.000 0.373 0.400 0.124 0.890 1.265 0.890 0.890 0.890 0.140 0.941 0.820 0.706 1.000 8.000 0.000 0.685 0.000 24.000 25.000 26.000 0.000 0.000 0.980 1.000 0.000 0.000 1000.000 0.000 0.000 0.300 1.000 1.500 0.800 1.000 1.000 1.000 0.725    2.00 1.000 1.000
//Midday
121 199 191    240 237 209    255 223 194      0  32  44     51 150 255    255 255 255    255 255 255      1.00    1.00 1500.00  147.10  119 120 120    105 105 105     0   0   0 239    0.20     0.00       0.61        2.87   125 109  77      0   0   0     0.76       1.00    0.80     1.00         1.00      1.18     15.94    127.65    1.47  255.43  0.10        77      10.25         4.00          6.00       8.00      1.50     9  0.458 0.682 0.820 0.910 0.949 0.969 1.000 1.000 0.894 0.698 0.361 0.310 0.310 1.000 1.950 0.361 1.000 0.000 0.561 0.514 0.471 0.396 1.434 0.285 0.132 0.680 1.000 6.272 0.548 0.510 1.000 0.373 0.400 0.124 0.890 1.265 0.890 0.890 0.890 0.140 0.941 0.820 0.706 1.000 8.000 0.000 0.685 0.000 24.000 25.000 26.000 0.000 0.000 0.980 1.000 0.000 0.000 1000.000 0.000 0.000 0.300 1.000 1.500 0.800 1.000 1.000 1.000 0.725    2.00 1.000 1.000
//6PM
255 219 166    119 144 247    250 239 207      0  35  24    140 148 255    255 255 255    255 255 255      1.00    1.00 1500.00   73.00  119 120 120    105 105 105    56  49  43 239    0.14     0.00       0.61        2.70   133 106  68      0   0   0     0.66       1.00    0.78     0.82         1.00      1.18     16.00    128.00    1.46  256.00  0.17        77      20.75         4.00          6.00      14.50     13.00    10  0.400 0.678 0.839 1.000 0.871 0.486 0.486 1.000 0.894 0.698 1.000 0.882 0.588 1.000 1.860 0.203 1.000 0.000 0.478 0.478 0.478 0.396 1.296 0.252 0.132 0.680 0.757 8.000 0.667 1.700 1.000 0.088 0.400 0.124 0.890 1.265 0.800 0.800 0.800 0.140 0.953 0.761 0.761 0.164 8.000 0.000 0.685 0.000 24.000 25.000 26.000 0.000 0.000 0.980 1.000 0.000 0.000 1000.000 0.000 0.000 0.225 1.000 1.050 1.000 1.000 1.000 1.000 0.750    2.00 1.000 1.000
//7PM
255 227 166    250 136  42    255 134  42      0  36  24    255 140 140    255 255 255    255 255 255      1.00    1.00 1500.00   73.00  119 120 120    105 105 105    61  31   0 239    0.14     0.00       0.61        2.88   122 110  94      0   0   0     0.66       1.00    0.71     0.82         1.00      1.18     16.00    128.00    1.78  256.00  0.17        77      20.75         4.00          4.50      10.00     13.00    10  0.400 0.969 0.925 0.882 0.871 0.486 0.486 1.000 0.894 0.698 1.000 0.882 0.588 1.000 1.860 0.203 1.000 0.000 0.490 0.451 0.435 0.396 1.296 0.252 0.132 0.680 0.757 8.000 0.667 1.700 1.000 0.088 0.400 0.124 0.890 1.265 0.800 0.800 0.800 0.140 0.949 0.906 0.761 0.164 8.000 0.000 0.685 0.000 24.000 25.000 26.000 0.000 0.000 0.980 1.000 0.000 0.000 1000.000 0.000 0.000 0.225 1.000 1.050 1.100 1.000 1.000 0.825 0.800    2.00 1.000 1.000
//8PM
255 227 166    250 136  42    255 134  42      0  26  24    255 140 140    255 255 255    255 255 255      1.00    1.00 1500.00   73.00  119 120 120    105 105 105    13  13  13 239    0.21     0.00       0.61        2.88   122 110  94      0   0   0     0.66       1.00    0.71     0.82         1.00      1.18     16.00    128.00    2.56  256.00  0.17        77      15.00         2.25          7.75      10.00     13.00    10  0.400 1.000 0.839 0.678 0.871 0.486 0.486 1.000 0.894 0.698 1.000 0.882 0.588 1.000 1.860 0.203 1.000 0.000 0.478 0.478 0.478 0.396 1.296 0.252 0.132 0.680 0.757 8.000 0.667 1.700 1.000 0.088 0.400 0.124 0.890 1.265 0.800 0.800 0.800 0.140 0.949 0.906 0.761 0.164 8.000 0.000 0.685 0.000 24.000 25.000 26.000 0.000 0.000 0.980 1.000 0.000 0.000 1000.000 0.000 0.000 0.225 1.000 1.050 0.950 1.000 1.000 0.825 0.800    2.00 1.000 1.000
//9PM
118 137 255    255 193 117    250 125 117      0  20   0    139 111 129    255  45   0    255  45   0      1.00    1.00 1500.00    9.00   62 120 141    104 198 255    26  32  41 100    2.85     0.08       0.57        3.75   133  96  66      0   0   0     0.37       1.00    0.74     0.60         1.00      1.00      8.00     64.00   18.73  256.00  0.10         0      11.75         4.50          5.75       6.50     18.00     3  0.460 0.678 0.839 1.000 0.812 0.906 1.000 1.000 0.894 0.698 0.361 0.310 0.310 1.000 11.000 0.215 1.000 0.000 0.478 0.478 0.478 0.368 0.998 0.000 0.132 0.680 0.757 8.000 0.667 1.700 1.000 0.088 0.400 0.124 0.890 1.265 0.800 0.800 0.800 0.140 0.910 0.773 0.773 0.159 8.000 0.179 0.133 0.000 24.000 25.000 26.000 0.000 0.000 0.980 1.000 0.040 0.000 1000.000 0.000 0.000 0.000 0.800 1.000 0.700 1.000 1.000 1.000 0.825    2.00 1.000 1.000
//10PM
142 159 180    145 148 180     33 119 147      0  15   0     13  13  13      0   0   0      0   0   0      1.00    1.00 1500.00   50.00   35   9  10     26  30  36    41  51  64 150    2.40     0.63       0.70        4.45   128 128 128      0   0   0     0.65       1.00    0.77     0.62         1.00      1.28     15.00    348.75   19.88  256.00  0.10         0       1.16         3.94          3.95       3.05      0.00     0  0.643 0.220 0.220 0.220 1.000 0.561 0.059 0.000 0.000 0.000 0.361 0.310 0.310 1.000 11.205 0.000 1.000 0.000 0.310 0.306 0.306 0.368 0.998 1.070 0.132 0.680 0.757 8.000 0.667 1.700 1.000 0.088 1.513 0.124 0.890 1.265 0.259 0.259 0.259 0.140 0.239 0.196 0.196 0.164 8.000 0.359 0.174 0.032 24.000 25.000 26.000 0.100 1.000 0.980 1.000 0.000 0.000 1000.000 0.000 0.000 0.100 0.250 3.150 0.800 1.000 1.000 1.000 0.900    2.00 1.000 1.000

////////// SUNNY_WINDY
//Amb0            Amb1            Dir            Sky top        Sky bot        SunCore        SunCorona     SunSz  SprBght FarClp   FogSt   LowCloudsRGB  BottomCloudRGB  WaterRGBA      Exposure BPThreshold MidGreyValue IntensityBloom ColourCorrectRGB ColourAddRGB Desaturation Contrast Gamma DesaturationFar ContrastFar GammaFar DepthFxNear DepthFxFar LumMin LumMax LumDelay CloudAlpha DirLightMult AmbLightMult0 AmbLightMult1 SkyLightMult SunMult Temperature   Far DOF   Near DOF   Near Blur DOF   Mid Blur DOF   Far Blur DOF    Water Reflection    Particle HDR    Sprite Size		Global sun multiplier ambient occlusion scaler
//Midnight
 30 183 217     30 183 217      0 105 217      0  16 120      5 255 168      0   0   0      0   0   0      0.60    0.60 1500.00   50.00   35   9  10     26  30  36    99  99  99 240    3.21     0.21       0.72        2.12   119 140 144      0   0   0     0.28       1.00    1.00     1.00         1.00      1.17     15.96    127.74   19.86  255.58  0.10         0       2.30         3.99          3.99       1.75      0.00    -1  0.800 0.267 0.384 0.502 0.812 0.906 1.000 1.000 0.894 0.698 0.361 0.310 0.310 1.000 6.613 0.215 1.000 0.000 0.478 0.478 0.478 0.795 0.998 0.000 0.132 0.680 0.757 8.000 0.667 1.700 1.000 0.088 0.400 0.124 0.890 1.265 0.800 0.800 0.800 0.000 0.831 0.831 0.831 1.000 6.000 0.363 0.000 0.045 25.750 25.000 26.000 0.199 0.096 0.980 1.000 0.000 0.000 1000.000 0.000 0.000 0.000 0.775 3.625 0.750 1.000 1.000 1.000 0.825    2.00 1.000 1.000
//5AM
 30 183 217     30 183 217      0 105 217      0  15 120      5 255 168      0   0   0      0   0   0      0.60    0.60 1500.00   50.00   35   9  10     26  30  36    92  92  92 240    3.21     0.21       0.72        2.12   119 140 144      0   0   0     0.28       1.00    1.00     1.00         1.00      1.17     15.96    127.74   19.86  255.58  0.10         0       2.30         3.99          3.99       1.75      0.00    -1  0.800 0.267 0.384 0.502 0.812 0.906 1.000 1.000 0.894 0.698 0.361 0.310 0.310 1.000 6.613 0.215 1.000 0.000 0.478 0.478 0.478 0.795 0.998 0.000 0.132 0.680 0.757 8.000 0.667 1.700 1.000 0.088 0.400 0.124 0.890 1.265 0.800 0.800 0.800 0.000 0.831 0.831 0.831 1.000 6.000 0.363 0.000 0.045 25.750 25.000 26.000 0.199 0.096 0.980 1.000 0.000 0.000 1000.000 0.000 0.000 0.000 0.700 3.700 0.800 1.000 1.000 1.000 0.825    2.00 1.000 1.000
//6AM
255 227 166    250 136  42    255 189  42      0  38  24    191 200 160    255 255 255    255 255 255      1.00    1.00 1500.00   73.00  119 120 120    105 105 105    31  31  31 239    0.19     0.00       0.50        1.45   110 120 102      0   0   0     0.31       1.00    0.81     0.82         1.00      1.18     16.00    128.00    1.46  256.00  0.17        77      20.75         5.00          5.00       8.25     13.00    10  0.400 0.678 0.839 1.000 0.871 0.486 0.486 1.000 0.894 0.698 1.000 0.882 0.588 1.000 1.860 0.203 1.000 0.000 0.478 0.478 0.478 0.396 1.296 0.252 0.132 0.680 0.757 8.000 0.667 1.700 1.000 0.088 0.400 0.124 0.890 1.265 0.800 0.800 0.800 0.140 0.953 0.761 0.761 0.164 8.000 0.000 0.685 0.000 24.000 25.000 26.000 0.000 0.000 0.980 1.000 0.000 0.000 1000.000 0.000 0.000 0.225 1.000 1.050 1.050 1.000 1.000 1.000 0.750    2.00 1.000 1.000
//7AM
255 227 166    250 136  42    255 179  42      0  27  24    255 140 140    255 255 255    255 255 255      1.00    1.00 1500.00   73.00  119 120 120    105 105 105     8   8   8 239    0.19     0.00       0.50        2.53   115 101  64      0   0   0     0.41       1.00    0.76     0.82         1.00      1.18     16.00    128.00    1.46  256.00  0.17        77      20.75         4.00          4.00      11.50     13.00    10  0.400 0.678 0.839 1.000 0.871 0.486 0.486 1.000 0.894 0.698 1.000 0.882 0.588 1.000 1.860 0.203 1.000 0.000 0.478 0.478 0.478 0.396 1.296 0.252 0.132 0.680 0.757 8.000 0.667 1.700 1.000 0.088 0.400 0.124 0.890 1.265 0.800 0.800 0.800 0.140 0.953 0.761 0.761 0.164 8.000 0.000 0.685 0.000 24.000 25.000 26.000 0.000 0.000 0.980 1.000 0.000 0.000 1000.000 0.000 0.000 0.225 1.000 1.050 0.850 1.000 1.000 1.000 0.775    2.00 1.000 1.000
//9AM
206 210 226    128 163 226    255 248 255      0  35   0    155 209 255    255 255 255    255 255 255      1.00    1.00 1500.00   73.00  119 120 120    105 105 105    26  32  36 239    0.12     0.00       0.50        2.22   138 127  90      0   0   0     0.36       1.00    0.72     1.00         1.00      1.13     16.00    128.00    1.46  256.00  0.10        77      11.00         7.44         10.25      14.50      1.00     0  0.460 0.678 0.839 1.000 0.812 0.906 1.000 1.000 0.894 0.698 0.361 0.310 0.310 1.000 6.613 0.215 1.000 0.000 0.478 0.478 0.478 0.368 0.998 0.000 0.132 0.680 0.757 8.000 0.667 1.700 1.000 0.088 0.400 0.124 0.890 1.265 0.800 0.800 0.800 0.140 0.953 0.761 0.761 0.164 8.000 0.000 0.685 0.000 24.000 25.000 26.000 0.000 0.000 0.980 1.000 0.000 0.000 1000.000 0.000 0.000 0.225 1.000 1.000 1.200 1.000 1.000 1.000 0.700    2.00 1.000 1.000
//Midday
250 253 255    117 172 255    146 186 224      0  29  46    112 179 255    255 255 255    255 255 255      1.00    1.00 1500.00   73.00  119 120 120    105 105 105     0  40  60 239    0.20     0.22       0.50        4.55   133 122  82      0   0   0     0.45       1.00    0.82     1.00         1.00      0.85     16.00    128.00    1.46  256.00  0.18        77      12.00         4.25         10.25      10.00     13.00     0  0.382 0.678 0.839 1.000 0.812 0.906 1.000 1.000 0.894 0.698 0.361 0.310 0.310 1.000 6.613 0.215 1.000 0.000 0.478 0.478 0.478 0.368 0.998 0.000 0.132 0.680 0.757 8.000 0.667 1.700 1.000 0.088 0.400 0.124 0.890 1.265 0.800 0.800 0.800 0.140 0.953 0.761 0.761 0.164 8.000 0.000 0.685 0.000 24.000 25.000 26.000 0.000 0.000 0.980 1.000 0.000 0.000 1000.000 0.000 0.000 0.000 1.000 1.000 0.750 1.000 1.000 1.000 0.750    2.00 1.000 1.000
//6PM
255 204 204    117 172 255    146 186 224      0  31  46    112 179 255    255 255 255    255 255 255      1.00    1.00 1500.00   73.00  119 120 120    105 105 105     0  40  60 239    0.20     0.22       0.50        4.55   138 125  80      0   0   0     0.45       1.00    0.82     1.00         1.00      0.85     16.00    128.00    1.46  256.00  0.18        77      12.00         4.25         10.25      10.00     13.00     0  0.382 0.678 0.839 1.000 0.812 0.906 1.000 1.000 0.894 0.698 0.361 0.310 0.310 1.000 6.613 0.215 1.000 0.000 0.478 0.478 0.478 0.368 0.998 0.000 0.132 0.680 0.757 8.000 0.667 1.700 1.000 0.088 0.400 0.124 0.890 1.265 0.800 0.800 0.800 0.140 0.953 0.761 0.761 0.164 8.000 0.000 0.685 0.000 24.000 25.000 26.000 0.000 0.000 0.980 1.000 0.000 0.000 1000.000 0.000 0.000 0.000 0.875 1.000 0.800 1.000 1.000 1.000 0.750    2.00 1.000 1.000
//7PM
250 253 255    117 172 255    255 142  28      0  34   0    155 209 255    255 255 255    255 255 255      1.00    1.00 1500.00   73.00  119 120 120    105 105 105    32  68  87 239    0.69     0.22       0.50        5.03   148 132  75      0   0   0     0.49       1.00    0.87     0.85         1.00      0.85     16.00    128.00    4.53  256.00  0.10        77      11.50         4.50          5.50       7.00     13.00     0  0.460 0.678 0.839 1.000 0.812 0.906 1.000 1.000 0.894 0.698 0.361 0.310 0.310 1.000 6.613 0.215 1.000 0.000 0.478 0.478 0.478 0.368 0.998 0.000 0.132 0.680 0.757 8.000 0.667 1.700 1.000 0.088 0.400 0.124 0.890 1.265 0.800 0.800 0.800 0.140 0.953 0.761 0.761 0.164 8.000 0.000 0.685 0.000 24.000 25.000 26.000 0.000 0.000 0.980 1.000 0.000 0.000 1000.000 0.000 0.000 0.000 0.625 1.000 0.600 1.000 1.000 1.000 0.725    2.00 1.000 1.000
//8PM
118 137 255    255 193 117    250 125 117      0  26   1    107 107 107    255  45   0    255  45   0      1.00    1.00 1500.00    9.00   62 120 141    104 198 255    35  37  41 238    3.70     0.60       0.57        6.65   133  96  66      0   0   0     0.25       1.00    0.74     0.67         1.00      1.00      8.00     64.00   18.73  256.00  0.10         0       2.75         4.50          2.50       4.50     18.00    12  0.460 0.678 0.839 1.000 0.812 0.906 1.000 1.000 0.894 0.698 0.361 0.310 0.310 1.000 11.000 0.215 1.000 0.000 0.478 0.478 0.478 0.368 0.998 0.000 0.132 0.680 0.757 8.000 0.667 1.700 1.000 0.088 0.400 0.124 0.890 1.265 0.800 0.800 0.800 0.140 0.910 0.773 0.773 0.159 1.700 0.179 0.133 0.000 24.000 25.000 26.000 0.000 0.000 0.980 1.000 0.040 0.000 1000.000 0.000 0.000 0.175 0.700 1.825 0.500 1.000 1.000 1.000 0.800    2.00 1.000 1.000
//9PM
118 137 255    255 193 117    250 125 117      0  25   0    139 111 129    255  45   0    255  45   0      1.00    1.00 1500.00    9.00   62 120 141    104 198 255    16  23  38 238    3.70     0.60       0.57        6.65   133  96  66      0   0   0     0.25       1.00    0.74     0.67         1.00      1.00      8.00     64.00   18.73  256.00  0.10         0       2.75         4.50          2.50       4.50     18.00    12  0.460 0.678 0.839 1.000 0.812 0.906 1.000 1.000 0.894 0.698 0.361 0.310 0.310 1.000 11.000 0.215 1.000 0.000 0.478 0.478 0.478 0.368 0.998 0.000 0.132 0.680 0.757 8.000 0.667 1.700 1.000 0.088 0.400 0.124 0.890 1.265 0.800 0.800 0.800 0.140 0.910 0.773 0.773 0.159 1.700 0.179 0.133 0.000 24.000 25.000 26.000 0.000 0.000 0.980 1.000 0.040 0.000 1000.000 0.000 0.000 0.125 0.750 2.000 0.500 1.000 1.000 1.000 0.800    2.00 1.000 1.000
//10PM
 30 183 217     30 183 217    222 255 125      0  20 120      5 151 255      0   0   0      0   0   0      0.60    0.60 1500.00   50.00   35   9  10     26  30  36    78 108 138 240    3.21     0.21       0.72        3.27   119 140 144      0   0   0     0.37       1.00    1.00     1.00         1.00      1.14     15.96    127.74   19.86  255.58  0.10         0       2.50         3.99          3.99       1.75      0.00     0  0.900 0.267 0.384 0.502 0.812 0.906 1.000 1.000 0.894 0.698 0.361 0.310 0.310 1.000 6.613 0.215 1.000 0.000 0.478 0.478 0.478 0.795 0.998 0.000 0.132 0.680 0.757 8.000 0.667 1.700 1.000 0.088 0.400 0.124 0.890 1.265 0.800 0.800 0.800 0.000 0.831 0.831 0.831 1.000 6.000 0.363 0.000 0.000 25.750 25.000 26.000 0.000 0.000 0.980 1.000 0.000 0.000 1000.000 0.000 0.000 0.000 0.575 4.017 0.650 1.000 1.000 1.000 0.925    2.00 1.000 1.000

////////// CLOUDY
//Amb0            Amb1            Dir            Sky top        Sky bot        SunCore        SunCorona     SunSz  SprBght FarClp   FogSt   LowCloudsRGB  BottomCloudRGB  WaterRGBA      Exposure BPThreshold MidGreyValue IntensityBloom ColourCorrectRGB ColourAddRGB Desaturation Contrast Gamma DesaturationFar ContrastFar GammaFar DepthFxNear DepthFxFar LumMin LumMax LumDelay CloudAlpha DirLightMult AmbLightMult0 AmbLightMult1 SkyLightMult SunMult Temperature   Far DOF   Near DOF   Near Blur DOF   Mid Blur DOF   Far Blur DOF    Water Reflection    Particle HDR    Sprite Size		Global sun multiplier ambient occlusion scaler
//Midnight
 30 183 217     30 183 217    219 219 217      0  14 179      0 225 255      0   0   0      0   0   0      0.70    0.70 1500.00   50.00   35   9  10     26  30  36     5  10  15 240    1.96     0.09       0.63        2.97   155 181 186      0   0   0     0.43       1.00    0.80     0.62         1.00      1.25     16.00    128.00   19.88  256.00  0.10         0       1.50         1.75          2.25       1.50      0.00     0  0.425 0.149 0.886 1.000 0.812 0.906 1.000 1.000 0.894 0.698 0.361 0.310 0.310 1.000 6.613 0.215 1.000 0.000 0.478 0.478 0.478 0.368 0.998 0.000 0.132 0.680 0.757 8.000 0.677 0.790 1.000 0.088 0.400 0.124 0.890 1.265 0.800 0.800 0.800 0.000 0.522 0.514 0.482 0.554 6.000 0.363 0.000 0.000 25.750 25.000 26.000 0.000 0.000 0.980 1.000 0.000 0.000 1000.000 0.000 0.000 0.000 0.450 4.000 0.850 1.000 1.000 1.000 0.950    1.00 1.000 1.000
//5AM
 90 166 198     90 166 198      0   0   0      0  14 179      0 225 255      0   0   0      0   0   0      0.70    0.70 1500.00   50.00   35   9  10     26  30  36     5  10  15 240    1.96     0.09       0.63        2.97   155 181 186      0   0   0     0.43       1.00    0.80     0.62         1.00      1.25     16.00    128.00   19.88  256.00  0.10         0       0.00         2.88          3.13       1.50      0.00     0  0.425 0.149 0.886 1.000 0.812 0.906 1.000 1.000 0.894 0.698 0.361 0.310 0.310 1.000 6.613 0.215 1.000 0.000 0.478 0.478 0.478 0.368 0.998 0.000 0.132 0.680 0.757 8.000 0.677 0.790 1.000 0.088 0.400 0.124 0.890 1.265 0.800 0.800 0.800 0.000 0.522 0.514 0.482 0.554 6.000 0.363 0.000 0.000 25.750 25.000 26.000 0.000 0.000 0.980 1.000 0.000 0.110 1000.000 0.000 0.000 0.000 0.450 4.050 0.800 1.000 1.000 1.000 0.950    1.00 1.000 1.000
//6AM
250 253 255    117 172 255    255 255 255      0  26   0    155 209 255    255 255 255    255 255 255      1.00    1.00 1500.00   73.00  119 120 120    105 105 105    13  11   9 239    0.15     0.22       0.58        5.05    78 100 105      0   0   0     0.27       1.00    0.74     1.00         1.00      0.95     16.00    128.00    1.46  256.00  0.18        77      12.00         5.00          8.00      11.75      4.00     0  0.425 0.710 0.816 0.902 0.812 0.906 1.000 1.000 0.894 0.698 0.361 0.310 0.310 1.000 6.675 0.000 1.000 0.000 0.478 0.478 0.478 0.268 0.910 0.000 0.132 0.680 0.488 8.000 0.667 0.688 1.000 0.126 0.120 0.696 0.993 1.265 0.361 0.361 0.361 0.102 0.482 0.545 0.588 0.000 6.000 0.000 0.685 0.000 24.000 25.000 26.000 0.000 0.000 0.980 1.000 0.000 0.086 157.250 0.000 0.000 0.075 0.800 1.825 0.900 1.000 1.000 1.000 0.675    2.00 1.000 1.000
//7AM
217 185 117    117 172 255    255 255 255      0  37  35     47 142 250    255 255 255    255 255 255      1.00    1.00 1500.00   73.00  119 120 120    105 105 105    26  26  26 239    0.14     0.29       0.58        4.90    98 108 110      0   0   0     0.30       1.00    0.73     1.00         1.00      0.85     16.00    128.00    1.24  256.00  0.18        77      10.00         6.00          6.50      14.50      3.50     0  0.425 0.800 0.800 0.800 0.412 0.118 0.118 1.000 0.894 0.698 0.290 0.208 0.145 1.000 6.090 0.130 1.000 0.000 0.380 0.373 0.373 0.268 0.910 0.000 0.132 0.680 0.488 8.000 0.667 0.688 1.000 0.026 0.120 0.696 0.993 1.265 0.361 0.361 0.361 0.102 0.741 0.655 0.600 0.000 6.000 0.000 0.685 0.000 24.000 25.000 26.000 0.000 0.000 0.980 1.000 0.000 0.026 555.000 0.000 0.000 0.000 0.875 1.000 0.950 1.000 1.000 1.000 0.525    2.00 1.000 1.000
//9AM
121 199 191    240 237 209    255 223 194      0  25  44     51 150 255    255 255 255    255 255 255      1.00    1.00 1500.00  147.10  119 120 120    105 105 105     0   0   0 239    0.20     0.00       0.61        2.87   135 127  88      0   0   0     0.25       1.00    0.85     1.00         1.00      1.18     15.94    127.65    1.47  255.43  0.10        77      10.25         4.00          4.00       8.00      1.50     9  0.458 0.765 0.847 0.902 0.949 0.969 1.000 1.000 0.894 0.698 0.361 0.310 0.310 1.000 1.950 0.361 1.000 0.000 0.561 0.514 0.471 0.396 1.434 0.285 0.132 0.680 1.000 6.272 0.548 0.510 1.000 0.373 0.400 0.124 0.890 1.265 0.890 0.890 0.890 0.140 0.941 0.820 0.706 1.000 8.000 0.000 0.685 0.000 24.000 25.000 26.000 0.000 0.000 0.980 1.000 0.000 0.000 1000.000 0.000 0.000 0.300 1.000 1.500 0.500 1.000 1.000 1.000 0.725    2.00 1.000 1.000
//Midday
121 199 191    240 237 209    255 223 194      0  30  44     51 150 255    255 255 255    255 255 255      1.00    1.00 1500.00  147.10  119 120 120    105 105 105     0   0   0 239    0.20     0.00       0.61        2.87   130 124  95      0   0   0     0.25       1.00    0.85     1.00         1.00      1.18     15.94    127.65    1.47  255.43  0.10        77      10.25         4.00          4.00       8.00      1.50     9  0.458 0.765 0.847 0.902 0.949 0.969 1.000 1.000 0.894 0.698 0.361 0.310 0.310 1.000 1.950 0.361 1.000 0.000 0.561 0.514 0.471 0.396 1.434 0.285 0.132 0.680 1.000 6.272 0.548 0.510 1.000 0.373 0.400 0.124 0.890 1.265 0.890 0.890 0.890 0.140 0.941 0.820 0.706 1.000 8.000 0.000 0.685 0.000 24.000 25.000 26.000 0.000 0.000 0.980 1.000 0.000 0.000 1000.000 0.000 0.000 0.300 1.000 1.500 0.600 1.000 1.000 1.000 0.725    2.00 1.000 1.000
//6PM
121 199 191    240 237 209    255 223 194      0  29  44     51 150 255    255 255 255    255 255 255      1.00    1.00 1500.00  147.10  119 120 120    105 105 105     0   0   0 239    0.20     0.00       0.61        2.87   130 118  86      0   0   0     0.25       1.00    0.85     1.00         1.00      1.18     15.94    127.65    1.47  255.43  0.10        77      10.25         4.00          4.00       8.00      1.50     9  0.458 0.765 0.847 0.902 0.949 0.969 1.000 1.000 0.894 0.698 0.361 0.310 0.310 1.000 1.950 0.361 1.000 0.000 0.561 0.514 0.471 0.396 1.434 0.285 0.132 0.680 1.000 6.272 0.548 0.510 1.000 0.373 0.400 0.124 0.890 1.265 0.890 0.890 0.890 0.140 0.941 0.820 0.706 1.000 8.000 0.000 0.685 0.000 24.000 25.000 26.000 0.000 0.000 0.980 1.000 0.000 0.000 1000.000 0.000 0.000 0.300 1.000 1.500 0.650 1.000 1.000 1.000 0.725    2.00 1.000 1.000
//7PM
250 253 255    117 172 255    255 255 255      0  32   0    155 209 255    255 255 255    255 255 255      1.00    1.00 1500.00   73.00  119 120 120    105 105 105    66  66  66 239    0.11     0.22       0.58        4.78   138 119  85      0   0   0     0.27       1.00    0.88     1.00         1.00      0.84     16.00    128.00    1.46  256.00  0.18        77      15.50        11.00         11.25      12.25     13.00     0  0.425 0.710 0.816 0.902 0.812 0.906 1.000 1.000 0.894 0.698 0.361 0.310 0.310 1.000 6.675 0.000 1.000 0.000 0.478 0.478 0.478 0.268 0.910 0.000 0.132 0.680 0.488 8.000 0.667 0.688 1.000 0.026 0.120 0.696 0.993 1.265 0.361 0.361 0.361 0.102 0.569 0.569 0.569 0.000 6.000 0.000 0.685 0.000 24.000 25.000 26.000 0.000 0.000 0.980 1.000 0.000 0.000 555.000 0.000 0.000 0.000 0.675 1.000 1.000 1.000 1.000 1.000 0.700    2.00 1.000 1.000
//8PM
 99 172 255    255 202  10     52 111 247      0  26  77      0 106 245    255 255 255    255 255 255      1.00    1.00 1500.00   73.00  119 120 120    105 105 105    84  84  84 239    0.19     0.22       0.50        3.63    98 108 110    173 222 255     0.34       1.00    0.94     1.00         1.00      1.31    128.00    255.00    1.46  256.00  0.18        77       6.00        11.25         11.00       4.25     13.00     0  0.425 0.647 0.792 0.910 0.812 0.906 1.000 1.000 0.894 0.698 0.361 0.310 0.310 1.000 5.940 0.183 1.000 0.000 0.478 0.478 0.478 0.268 0.910 0.000 0.132 0.680 0.488 8.000 0.667 0.688 1.000 0.026 0.120 0.696 0.993 1.265 0.361 0.361 0.361 0.102 0.569 0.569 0.569 0.000 6.000 0.000 0.685 0.000 24.000 25.000 26.000 0.000 0.000 0.980 1.000 0.000 0.000 555.000 0.000 0.000 0.000 0.450 2.350 0.950 1.000 1.000 0.925 1.000    2.00 1.000 1.000
//9PM
 99 172 255    255 202  10     52 111 247      0  21  77      0 106 245    255 255 255    255 255 255      1.00    1.00 1500.00   73.00  119 120 120    105 105 105    84  84  84 239    0.19     0.22       0.50        3.63    98 108 110    173 222 255     0.34       1.00    0.94     1.00         1.00      1.31    128.00    255.00    1.46  256.00  0.18        77       6.00        11.25         11.00       4.25     13.00     0  0.425 0.647 0.792 0.910 0.812 0.906 1.000 1.000 0.894 0.698 0.361 0.310 0.310 1.000 5.940 0.183 1.000 0.000 0.478 0.478 0.478 0.268 0.910 0.000 0.132 0.680 0.488 8.000 0.667 0.688 1.000 0.026 0.120 0.696 0.993 1.265 0.361 0.361 0.361 0.102 0.569 0.569 0.569 0.000 6.000 0.000 0.685 0.000 24.000 25.000 26.000 0.000 0.000 0.980 1.000 0.000 0.000 555.000 0.000 0.000 0.000 0.450 2.350 0.950 1.000 1.000 0.925 1.000    2.00 1.000 1.000
//10PM
 30 183 217     30 183 217    219 219 217      0  17 179      0 225 255      0   0   0      0   0   0      0.70    0.70 1500.00   50.00   35   9  10     26  30  36     5  10  15 240    1.96     0.09       0.63        0.63   155 181 186      0   0   0     0.43       1.00    0.80     0.62         1.00      1.66     16.00    128.00   19.88  256.00  0.10         0       1.50         1.75          2.25       1.50      0.00     0  0.225 0.149 0.886 1.000 0.812 0.906 1.000 1.000 0.894 0.698 0.361 0.310 0.310 1.000 6.613 0.215 1.000 0.000 0.478 0.478 0.478 0.368 0.998 0.000 0.132 0.680 0.757 8.000 0.667 0.790 1.000 0.088 0.400 0.124 0.890 1.265 0.800 0.800 0.800 0.000 0.522 0.514 0.482 0.554 6.000 0.363 0.000 0.000 25.750 25.000 26.000 0.000 0.000 0.980 1.000 0.000 0.000 1000.000 0.000 0.000 0.000 0.450 3.000 0.850 1.000 1.000 1.000 0.950    2.00 1.000 1.000

////////// RAIN
//Amb0            Amb1            Dir            Sky top        Sky bot        SunCore        SunCorona     SunSz  SprBght FarClp   FogSt   LowCloudsRGB  BottomCloudRGB  WaterRGBA      Exposure BPThreshold MidGreyValue IntensityBloom ColourCorrectRGB ColourAddRGB Desaturation Contrast Gamma DesaturationFar ContrastFar GammaFar DepthFxNear DepthFxFar LumMin LumMax LumDelay CloudAlpha DirLightMult AmbLightMult0 AmbLightMult1 SkyLightMult SunMult Temperature   Far DOF   Near DOF   Near Blur DOF   Mid Blur DOF   Far Blur DOF    Water Reflection    Particle HDR    Sprite Size		Global sun multiplier ambient occlusion scaler
//Midnight
157 147 160    167 162 169      0   0   0      0  36  79     48 120  72    255 255 255    255 255 255      1.00    1.00 1500.00   73.00  119 120 120    105 105 105    76  76  76 125    0.17     0.00       0.61        2.70    99 112 120      0   0   0     0.87       1.00    0.92     0.82         1.00      1.03     16.00    128.00    1.46  256.00  0.11        77       0.00         4.88          4.33       4.50     13.00    10  1.393 0.290 0.306 0.322 0.871 0.486 0.486 1.000 0.894 0.698 0.361 0.310 0.310 1.000 1.298 0.155 1.000 0.000 0.200 0.200 0.200 0.102 1.243 0.000 0.132 0.680 0.757 8.000 0.837 1.700 1.000 0.354 0.400 1.112 0.842 1.265 0.000 0.000 0.000 0.925 0.890 0.827 0.800 0.164 5.000 0.000 0.685 0.000 24.000 25.000 26.000 0.000 0.000 0.980 1.000 0.000 0.419 130.750 0.000 0.000 0.000 0.300 2.375 0.800 1.000 1.000 1.000 0.750    2.00 1.000 1.000
//5AM
157 147 160    167 162 169      0   0   0      0  32  79     48 120  72    255 255 255    255 255 255      1.00    1.00 1500.00   73.00  119 120 120    105 105 105    76  76  76 125    0.17     0.00       0.61        2.70    99 112 120      0   0   0     0.87       1.00    0.92     0.82         1.00      1.03     16.00    128.00    1.46  256.00  0.11        77       0.00         4.88          4.33       4.50     13.00    10  1.393 0.290 0.306 0.322 0.871 0.486 0.486 1.000 0.894 0.698 0.361 0.310 0.310 1.000 1.298 0.155 1.000 0.000 0.200 0.200 0.200 0.102 1.243 0.000 0.132 0.680 0.757 8.000 0.837 1.700 1.000 0.354 0.400 1.112 0.842 1.265 0.000 0.000 0.000 0.925 0.890 0.827 0.800 0.164 5.000 0.000 0.685 0.000 24.000 25.000 26.000 0.000 0.000 0.980 1.000 0.000 0.419 130.750 0.000 0.000 0.000 0.300 2.625 0.900 1.000 1.000 1.000 0.750    2.00 1.000 1.000
//6AM
139 168 255    252 215 119    227 173 102      0  48   2    186 220 243    255 255 255    255 255 255      1.00    1.00 1500.00   72.46  119 120 120    105 105 105     6  22  23 126    0.17     0.00       0.61        3.43    89  88  60      0   0   0     0.45       1.00    1.06     0.82         1.00      0.96     16.00    128.00    1.46  256.00  0.11        77      14.76         7.53          7.36       9.25     13.00    -2  0.480 0.405 0.432 0.460 0.870 0.493 0.495 1.000 0.894 0.698 0.361 0.310 0.310 1.000 1.387 0.156 1.000 0.000 0.255 0.251 0.251 0.106 1.239 0.000 0.132 0.680 0.753 8.000 0.834 1.678 1.000 0.349 0.400 1.108 0.843 1.265 0.013 0.013 0.013 0.910 0.885 0.823 0.796 0.161 5.050 0.000 0.685 0.000 24.000 25.000 26.000 0.000 0.000 0.980 1.000 0.000 0.412 145.238 0.000 0.000 0.197 1.000 2.025 0.900 1.000 1.000 1.000 0.750    2.00 1.000 1.000
//7AM
250 253 255    117 172 255    255 255 255      0  77 132    111 126 130    255 255 255    255 255 255      1.00    1.00 1500.00   40.50  119 120 120    105 105 105    20  20  20 239    0.11     0.22       0.50        5.03   104 117 130      0   0   0     0.41       1.00    0.88     1.00         1.00      0.85     16.00    128.00    1.46  256.00  0.10        77      15.50         9.50         13.75      13.00     13.00     0  0.600 0.435 0.482 0.522 0.812 0.906 1.000 1.000 0.894 0.698 0.361 0.310 0.310 1.000 6.613 0.215 1.000 0.000 0.478 0.478 0.478 0.368 0.998 0.000 0.132 0.680 0.488 8.000 0.667 0.365 1.000 0.208 0.400 0.846 0.890 1.265 0.800 0.800 0.800 0.000 0.569 0.569 0.569 0.000 8.000 0.000 0.685 0.000 24.000 25.000 26.000 0.000 0.000 0.980 1.000 0.000 0.000 1000.000 0.000 0.000 0.000 1.000 1.950 1.300 1.000 1.000 1.000 0.725    2.00 1.000 1.000
//9AM
186 196 222    110 202 255    222 234 255      0  50  70     82 167 217    255 255 255    255 255 255      1.00    1.00 1500.00  100.83   58  72  40    199 230 196     0   0   0 240    0.15     0.06       0.50        1.28   136 138 118      0   0   0     0.32       1.00    0.77     0.99         3.25      1.19     15.93    127.60    1.48  255.36  0.10       217      13.25         4.98          5.00       7.25     13.00    -3  0.663 0.812 0.812 0.812 0.784 0.827 0.871 0.722 0.784 0.851 0.847 0.902 0.922 1.000 10.990 0.055 1.000 0.000 0.361 0.361 0.361 0.102 1.243 0.000 0.132 0.680 0.757 8.000 0.667 1.700 1.000 0.354 0.400 0.124 0.425 1.265 0.769 0.769 0.769 0.192 0.631 0.620 0.616 0.000 5.000 0.000 0.685 0.000 24.000 25.000 26.000 0.000 0.000 0.980 1.000 0.000 0.000 1000.000 0.000 0.000 0.275 1.000 1.425 1.000 1.000 1.000 1.000 0.750    2.00 1.000 1.000
//Midday
186 196 222    110 202 255    222 234 255      0  50  70     82 167 217    255 255 255    255 255 255      1.00    1.00 1500.00  100.83   58  72  40    199 230 196     0   0   0 240    0.15     0.00       0.50        3.65   133 143 142      0   0   0     0.48       1.00    0.85     1.00         1.00      0.99     15.93    127.60    1.48  255.36  0.10       217      13.25         4.98          5.00       7.25      0.00    -5  0.663 0.812 0.812 0.812 0.784 0.827 0.871 0.722 0.784 0.851 0.847 0.902 0.922 1.000 10.990 0.055 1.000 0.000 0.361 0.361 0.361 0.102 1.243 0.000 0.132 0.680 0.757 8.000 0.667 1.700 1.000 0.354 0.400 0.124 0.425 1.265 0.769 0.769 0.769 0.192 0.631 0.620 0.616 0.000 5.000 0.000 0.685 0.000 24.000 25.000 26.000 0.000 0.000 0.980 1.000 0.000 0.000 1000.000 0.000 0.000 0.275 1.000 2.150 0.800 1.000 1.000 1.000 0.750    2.00 1.000 1.000
//6PM
186 196 222    110 202 255    222 255 246      0  50  70     82 167 217    255 255 255    255 255 255      1.00    1.00 1500.00  100.83   58  72  40    199 230 196     0   0   0 240    0.15     0.06       0.50        1.28   133 143 142      0   0   0     0.32       1.00    0.77     1.00         1.00      0.93     15.93    127.60    1.48  255.36  0.10       217       6.75         4.98          5.00       7.25     13.00   -11  0.663 0.812 0.812 0.812 0.784 0.827 0.871 0.722 0.784 0.851 0.847 0.902 0.922 1.000 10.990 0.055 1.000 0.000 0.361 0.361 0.361 0.102 1.243 0.000 0.132 0.680 0.757 8.000 0.667 1.700 1.000 0.354 0.400 0.124 0.425 1.265 0.769 0.769 0.769 0.192 0.631 0.620 0.616 0.000 5.000 0.000 0.685 0.000 24.000 25.000 26.000 0.000 0.000 0.980 1.000 0.000 0.000 1000.000 0.000 0.000 0.275 1.000 2.100 0.900 1.000 1.000 1.000 0.750    2.00 1.000 1.000
//7PM
138 167 255    255 216 117    227 172 100      0  35   0    188 222 245    255 255 255    255 255 255      1.00    1.00 1500.00   73.00  119 120 120    105 105 105     7  22  23 125    0.17     0.00       0.61        2.88   104 120  99      0   0   0     0.73       1.00    0.92     0.82         1.00      0.96     16.00    128.00    1.46  256.00  0.11        77      14.75         7.50          7.25       7.50     13.00    -6  0.913 0.404 0.431 0.459 0.871 0.486 0.486 1.000 0.894 0.698 0.361 0.310 0.310 1.000 1.298 0.155 1.000 0.000 0.251 0.247 0.247 0.102 1.243 0.000 0.132 0.680 0.757 8.000 0.837 1.700 1.000 0.354 0.400 1.112 0.842 1.265 0.000 0.000 0.000 0.925 0.890 0.827 0.800 0.164 5.000 0.000 0.685 0.000 24.000 25.000 26.000 0.000 0.000 0.980 1.000 0.000 0.419 130.750 0.000 0.000 0.200 1.000 1.775 0.850 1.000 1.000 1.000 0.750    2.00 1.000 1.000
//8PM
250 253 255    117 172 255    255 231 112      0  63  38     39  53  69    255 255 255    255 255 255      1.00    1.00 1500.00   73.00  119 120 120    105 105 105    25  32  36 239    0.11     0.01       0.50        1.39   102  97  80      0   0   0     0.63       1.00    0.72     1.00         1.00      1.13     16.00    128.00    1.46  256.00  0.10        77       7.90         9.35          7.09      11.50     13.00    -4  0.505 0.902 0.929 0.961 0.812 0.906 1.000 1.000 0.894 0.698 0.361 0.310 0.310 1.000 6.613 0.215 1.000 0.000 0.478 0.478 0.478 0.368 0.998 0.000 0.132 0.680 0.757 8.000 0.667 1.700 1.000 0.088 0.400 0.124 0.890 1.265 0.800 0.800 0.800 0.140 0.749 0.749 0.749 0.164 8.000 0.000 0.685 0.000 24.000 25.000 26.000 0.000 0.000 0.980 1.000 0.000 0.000 1000.000 0.000 0.000 0.450 1.000 1.575 1.500 1.000 1.000 1.000 0.701    2.00 1.000 1.000
//9PM
167 172 200    130 175 217      0   0   0      0  33 134     66 144 189    255 255 255    255 255 255      0.80    0.80 1500.00  100.88   58  72  40    199 230 196    15  25  31 240    0.24     0.20       0.50        4.03    91 125 116      0   0   0     0.65       1.00    0.78     0.32         1.00      0.93     15.93    127.58    1.48  255.32  0.10       217       0.00         3.12          3.13       3.50     13.00     5  1.500 0.812 0.812 0.812 0.784 0.827 0.871 0.722 0.784 0.851 0.847 0.902 0.922 1.000 10.990 0.055 1.000 0.000 0.361 0.361 0.361 0.102 1.243 0.000 0.132 0.680 0.757 8.000 0.667 1.700 1.000 0.354 0.400 0.124 0.425 1.265 0.769 0.769 0.769 0.192 0.620 0.620 0.620 0.000 5.000 0.000 0.685 0.000 24.000 25.000 26.000 0.000 0.000 0.980 1.000 0.000 0.000 1000.000 0.000 0.000 0.275 1.000 2.125 0.750 2.000 0.999 1.000 1.000    2.00 1.000 1.000
//10PM
186 196 222    110 202 255    222 234 255      0  33 134     66 144 189    255 255 255    255 255 255      0.80    0.80 1500.00  100.88   58  72  40    199 230 196     0  40  60 240    0.24     0.20       0.50        4.03    91 125 116      0   0   0     0.65       1.00    0.78     0.32         1.00      0.93     15.93    127.58    1.48  255.32  0.10       217       9.75         2.23          2.25       3.50     13.00     5  1.500 0.812 0.812 0.812 0.784 0.827 0.871 0.722 0.784 0.851 0.847 0.902 0.922 1.000 10.990 0.055 1.000 0.000 0.361 0.361 0.361 0.102 1.243 0.000 0.132 0.680 0.757 8.000 0.667 1.700 1.000 0.354 0.400 0.124 0.425 1.265 0.769 0.769 0.769 0.192 0.620 0.620 0.620 0.000 5.000 0.000 0.685 0.000 24.000 25.000 26.000 0.000 0.000 0.980 1.000 0.000 0.000 1000.000 0.000 0.000 0.275 1.000 1.650 0.800 2.000 0.999 1.000 1.000    2.00 1.000 1.000

////////// DRIZZLE
//Amb0            Amb1            Dir            Sky top        Sky bot        SunCore        SunCorona     SunSz  SprBght FarClp   FogSt   LowCloudsRGB  BottomCloudRGB  WaterRGBA      Exposure BPThreshold MidGreyValue IntensityBloom ColourCorrectRGB ColourAddRGB Desaturation Contrast Gamma DesaturationFar ContrastFar GammaFar DepthFxNear DepthFxFar LumMin LumMax LumDelay CloudAlpha DirLightMult AmbLightMult0 AmbLightMult1 SkyLightMult SunMult Temperature   Far DOF   Near DOF   Near Blur DOF   Mid Blur DOF   Far Blur DOF    Water Reflection    Particle HDR    Sprite Size		Global sun multiplier ambient occlusion scaler
//Midnight
186 196 222    110 202 255    222 234 255      0  25 134     66 144 189    255 255 255    255 255 255      1.00    1.00 1500.00  100.88   58  72  40    199 230 196     0  40  60 240    0.19     0.20       0.50        4.03    91 125 116      0   0   0     0.65       1.00    0.78     0.32         1.00      1.28     15.93    127.58    1.48  255.32  0.10       217       4.00         2.23          2.25       3.50     13.00    -1  0.690 0.812 0.812 0.812 0.784 0.827 0.871 0.722 0.784 0.851 0.847 0.902 0.922 1.000 10.990 0.055 1.000 0.000 0.361 0.361 0.361 0.102 1.243 0.000 0.132 0.680 0.757 8.000 0.667 1.700 1.000 0.354 0.400 0.124 0.425 1.265 0.769 0.769 0.769 0.192 0.620 0.620 0.620 0.000 5.000 0.000 0.685 0.000 24.000 25.000 26.000 0.000 0.000 0.980 1.000 0.000 0.000 1000.000 0.000 0.000 0.275 1.000 2.200 0.850 1.000 0.999 0.550 1.000    1.10 1.000 1.000
//5AM
157 159 188    140 161 196      0   0   0      0  26 174     66 144 189    255 255 255    255 255 255      1.00    1.00 1500.00  100.88   58  72  40    199 230 196     0  40  60 240    0.25     0.20       0.50        4.03    91 125 116      0   0   0     0.65       1.00    0.78     0.32         1.00      0.93     15.93    127.58    1.48  255.32  0.10       217       0.00         3.58          3.59       3.50     13.00    -1  0.690 0.812 0.812 0.812 0.784 0.827 0.871 0.722 0.784 0.851 0.847 0.902 0.922 1.000 10.990 0.055 1.000 0.000 0.361 0.361 0.361 0.102 1.243 0.000 0.132 0.680 0.757 8.000 0.667 1.700 1.000 0.354 0.400 0.124 0.425 1.265 0.769 0.769 0.769 0.192 0.620 0.620 0.620 0.000 5.000 0.000 0.685 0.000 24.000 25.000 26.000 0.000 0.000 0.980 1.000 0.000 0.101 1000.000 0.000 0.000 0.275 1.000 2.675 0.850 1.000 0.999 1.000 0.525    1.10 1.000 1.000
//6AM
194 155 114    194 214 176      0   0   0      0  44  58     93 175 186    255 255 255    255 255 255      1.00    1.00 1500.00  100.00   58  72  40    199 230 196     0  40  60 240    0.15     0.16       0.50        2.68   104 131 140      0   0   0     0.80       1.00    0.75     0.32         1.00      1.23     16.00    128.00    1.46  256.00  0.10       217       0.00         7.15          4.91       4.75      0.00    -1  0.308 0.812 0.812 0.812 0.784 0.827 0.871 0.722 0.784 0.851 0.847 0.902 0.922 1.000 10.990 0.055 1.000 0.000 0.361 0.361 0.361 0.102 1.243 0.000 0.132 0.680 0.757 8.000 0.667 1.700 1.000 0.354 0.400 0.124 0.425 1.265 0.769 0.769 0.769 0.192 0.741 0.741 0.741 0.000 5.000 0.000 0.685 0.000 24.000 25.000 26.000 0.000 0.000 0.980 1.000 0.000 0.062 1000.000 0.000 0.000 0.275 1.000 1.575 1.000 1.000 1.000 1.000 0.925    2.00 1.000 1.000
//7AM
186 196 222    110 202 255    222 234 255      0  50  58     93 175 186    255 255 255    255 255 255      1.00    1.00 1500.00  100.00   58  72  40    199 230 196     0  40  60 240    0.15     0.16       0.50        5.40   104 131 140      0   0   0     0.40       1.00    0.75     0.32         1.00      0.93     16.00    128.00    1.46  256.00  0.10       217       6.25         4.50          4.75      11.00      0.00     5  0.308 0.812 0.812 0.812 0.784 0.827 0.871 0.722 0.784 0.851 0.847 0.902 0.922 1.000 10.990 0.055 1.000 0.000 0.361 0.361 0.361 0.102 1.243 0.000 0.132 0.680 0.757 8.000 0.667 1.700 1.000 0.354 0.400 0.124 0.425 1.265 0.769 0.769 0.769 0.192 0.741 0.741 0.741 0.000 5.000 0.000 0.685 0.000 24.000 25.000 26.000 0.000 0.000 0.980 1.000 0.000 0.062 1000.000 0.000 0.000 0.275 1.000 1.000 1.000 1.000 1.000 1.000 0.925    2.00 1.000 1.000
//9AM
186 196 222    110 202 255    222 234 255      0  46  58    240 240 240    255 255 255    255 255 255      1.00    1.00 1500.00  100.00   58  72  40    199 230 196     0   0   0 240    0.15     0.16       0.50        5.40   121 133 143      0   0   0     0.40       1.00    0.75     0.32         1.00      0.93     16.00    128.00    1.46  256.00  0.10       217       6.25         4.50          4.75      11.00      0.00     5  0.308 0.812 0.812 0.812 0.784 0.827 0.871 0.722 0.784 0.851 0.847 0.902 0.922 1.000 10.990 0.055 1.000 0.000 0.361 0.361 0.361 0.102 1.243 0.000 0.132 0.680 0.757 8.000 0.667 1.700 1.000 0.354 0.400 0.124 0.425 1.265 0.769 0.769 0.769 0.192 0.741 0.741 0.741 0.000 5.000 0.000 0.685 0.000 24.000 25.000 26.000 0.000 0.000 0.980 1.000 0.000 0.062 1000.000 0.000 0.000 0.250 0.725 1.650 0.800 1.000 1.000 1.000 0.925    2.00 1.000 1.000
//Midday
186 196 222    110 202 255    222 234 255      0  41  58    196 237 255    255 255 255    255 255 255      1.00    1.00 1500.00  100.00   58  72  40    199 230 196     0  40  60 240    0.15     0.16       0.50        5.40   121 133 143      0   0   0     0.40       1.00    0.75     0.32         1.00      0.93     16.00    128.00    1.46  256.00  0.10       217       6.25         6.25          4.75      11.00      0.00     5  0.308 0.812 0.812 0.812 0.784 0.827 0.871 0.722 0.784 0.851 0.847 0.902 0.922 1.000 10.990 0.055 1.000 0.000 0.361 0.361 0.361 0.102 1.243 0.000 0.132 0.680 0.757 8.000 0.667 1.700 1.000 0.354 0.400 0.124 0.425 1.265 0.769 0.769 0.769 0.192 0.741 0.741 0.741 0.000 5.000 0.000 0.685 0.000 24.000 25.000 26.000 0.000 0.000 0.980 1.000 0.000 0.062 1000.000 0.000 0.000 0.250 0.725 1.000 0.900 1.000 1.000 1.000 0.925    2.00 1.000 1.000
//6PM
186 196 222    110 202 255    222 234 255      0  37  58    240 240 240    255 255 255    255 255 255      1.00    1.00 1500.00  100.00   58  72  40    199 230 196     0  40  60 240    0.15     0.16       0.50        5.40   121 133 143      0   0   0     0.40       1.00    0.75     0.32         1.00      0.93     16.00    128.00    1.46  256.00  0.10       217       6.25         4.50          4.75      11.00      0.00     5  0.308 0.812 0.812 0.812 0.784 0.827 0.871 0.722 0.784 0.851 0.847 0.902 0.922 1.000 10.990 0.055 1.000 0.000 0.361 0.361 0.361 0.102 1.243 0.000 0.132 0.680 0.757 8.000 0.667 1.700 1.000 0.354 0.400 0.124 0.425 1.265 0.769 0.769 0.769 0.192 0.741 0.741 0.741 0.000 5.000 0.000 0.685 0.000 24.000 25.000 26.000 0.000 0.000 0.980 1.000 0.000 0.062 1000.000 0.000 0.000 0.250 0.725 1.000 0.950 1.000 1.000 1.000 0.925    2.00 1.000 1.000
//7PM
186 196 222    110 202 255    222 234 255      0  31  58    240 240 240    255 255 255    255 255 255      1.00    1.00 1500.00  100.00   58  72  40    199 230 196     0  40  60 240    0.15     0.16       0.50        5.40   121 142 143      0   0   0     0.40       1.00    0.76     0.32         1.00      0.93     16.00    128.00    1.46  256.00  0.10       217       6.25         4.50          4.75       7.25      0.00     5  0.308 0.812 0.812 0.812 0.784 0.827 0.871 0.722 0.784 0.851 0.847 0.902 0.922 1.000 10.990 0.055 1.000 0.000 0.361 0.361 0.361 0.102 1.243 0.000 0.132 0.680 0.757 8.000 0.667 1.700 1.000 0.354 0.400 0.124 0.425 1.265 0.769 0.769 0.769 0.192 0.741 0.741 0.741 0.000 5.000 0.000 0.685 0.000 24.000 25.000 26.000 0.000 0.000 0.980 1.000 0.000 0.062 1000.000 0.000 0.000 0.250 0.725 1.000 0.850 1.000 1.000 1.000 0.925    2.00 1.000 1.000
//8PM
152 153 183    146 154 186      0   0   0      0  27 200    153 183 209    255 255 255    255 255 255      1.40    1.40 1500.00  100.83   58  72  40    199 230 196     0  40  60 240    0.18     0.20       0.50        5.41   117 130 125      0   0   0     0.69       1.00    0.74     0.32         1.00      1.01     15.93    127.60    1.48  255.36  0.10       217       0.00         4.09          4.10       5.00     13.00     5  0.872 0.831 0.831 0.831 0.784 0.827 0.871 0.722 0.784 0.851 0.847 0.902 0.922 1.000 10.990 0.055 1.000 0.000 0.361 0.361 0.361 0.102 1.243 0.000 0.132 0.680 0.757 8.000 0.667 1.700 1.000 0.354 0.400 0.124 0.425 1.265 0.769 0.769 0.769 0.192 0.651 0.612 0.604 0.000 5.000 0.000 0.685 0.000 24.000 25.000 26.000 0.000 0.000 0.980 1.000 0.000 0.055 1000.000 0.000 0.000 0.275 1.000 1.650 0.950 1.000 1.000 1.000 0.825    2.00 1.000 1.000
//9PM
167 172 200    130 175 217      0   0   0      0  24 200    153 183 209    255 255 255    255 255 255      1.00    1.00 1500.00  100.83   58  72  40    199 230 196     0  40  60 240    0.15     0.20       0.50        5.41   117 130 125      0   0   0     0.40       1.00    0.72     0.32         1.00      0.93     15.93    127.60    1.48  255.36  0.10       217       0.00         4.49          4.50       3.00     13.00     5  0.477 0.831 0.831 0.831 0.784 0.827 0.871 0.722 0.784 0.851 0.847 0.902 0.922 1.000 10.990 0.055 1.000 0.000 0.361 0.361 0.361 0.102 1.243 0.000 0.132 0.680 0.757 8.000 0.667 1.700 1.000 0.354 0.400 0.124 0.425 1.265 0.769 0.769 0.769 0.192 0.749 0.592 0.557 0.000 5.000 0.000 0.685 0.000 24.000 25.000 26.000 0.000 0.000 0.980 1.000 0.000 0.055 1000.000 0.000 0.000 0.275 1.000 2.800 0.900 1.000 1.000 1.000 0.825    2.00 1.000 1.000
//10PM
156 157 187    142 159 194      0   0   0      0  24 200    153 183 209    255 255 255    255 255 255      1.40    1.40 1500.00  100.83   58  72  40    199 230 196     0  40  60 240    0.15     0.20       0.50        5.41   117 130 125      0   0   0     0.69       1.00    0.72     0.32         1.00      0.93     15.93    127.60    1.48  255.36  0.10       217       0.00         4.19          4.20       3.00     13.00     5  0.872 0.831 0.831 0.831 0.784 0.827 0.871 0.722 0.784 0.851 0.847 0.902 0.922 1.000 10.990 0.055 1.000 0.000 0.361 0.361 0.361 0.102 1.243 0.000 0.132 0.680 0.757 8.000 0.667 1.700 1.000 0.354 0.400 0.124 0.425 1.265 0.769 0.769 0.769 0.192 0.749 0.592 0.557 0.000 5.000 0.000 0.685 0.000 24.000 25.000 26.000 0.000 0.000 0.980 1.000 0.000 0.055 1000.000 0.000 0.000 0.275 1.000 3.000 0.950 1.000 1.000 1.000 0.825    2.00 1.000 1.000

////////// FOGGY
//Amb0            Amb1            Dir            Sky top        Sky bot        SunCore        SunCorona     SunSz  SprBght FarClp   FogSt   LowCloudsRGB  BottomCloudRGB  WaterRGBA      Exposure BPThreshold MidGreyValue IntensityBloom ColourCorrectRGB ColourAddRGB Desaturation Contrast Gamma DesaturationFar ContrastFar GammaFar DepthFxNear DepthFxFar LumMin LumMax LumDelay CloudAlpha DirLightMult AmbLightMult0 AmbLightMult1 SkyLightMult SunMult Temperature   Far DOF   Near DOF   Near Blur DOF   Mid Blur DOF   Far Blur DOF    Water Reflection    Particle HDR    Sprite Size		Global sun multiplier ambient occlusion scaler
//Midnight
167 221 237    252 251 241    222 222 222      0  20 218    177 222 224    255 255 255    255 255 255      1.20    1.20 1500.00   79.00  119 120 120    105 105 105    36  49  56 239    0.23     0.00       0.65        2.18    96 111 120      0   0   0     0.55       1.00    0.85     1.00         1.00      2.00     16.00    128.00    1.46  256.00  0.10        77       1.30         2.53          2.24       2.50     13.00    -8  0.527 0.678 0.839 1.000 0.812 0.906 1.000 1.000 0.894 0.698 0.361 0.310 0.310 1.000 6.613 0.215 1.000 0.000 0.478 0.478 0.478 0.368 0.000 0.000 0.132 0.680 0.488 8.000 0.667 0.365 1.000 0.026 0.400 0.846 0.000 1.265 0.800 0.800 0.800 0.000 0.569 0.569 0.569 0.000 6.000 0.000 0.685 0.000 24.000 25.000 26.000 0.000 0.000 0.980 1.000 0.000 0.123 1000.000 0.000 0.000 0.400 1.000 1.900 0.800 2.000 1.000 1.000 0.900    0.20 2.000 1.000
//5AM
167 221 237    252 251 241    222 222 222      0  24 218    177 222 224    255 255 255    255 255 255      1.20    1.20 1500.00   79.00  119 120 120    105 105 105     0  40  60 239    0.23     0.00       0.65        2.18    96 111 120      0   0   0     0.55       1.00    0.85     1.00         1.00      2.00     16.00    128.00    1.46  256.00  0.10        77       1.30         2.53          2.24       2.50     13.00    -8  0.527 0.678 0.839 0.608 0.812 0.906 1.000 1.000 0.894 0.698 0.361 0.310 0.310 1.000 6.613 0.215 1.000 0.000 0.478 0.478 0.478 0.368 0.000 0.000 0.132 0.680 0.488 8.000 0.667 0.365 1.000 0.026 0.400 0.846 0.000 1.265 0.800 0.800 0.800 0.000 0.569 0.569 0.569 0.000 6.000 0.000 0.685 0.000 24.000 25.000 26.000 0.000 0.000 0.980 1.000 0.000 0.148 1000.000 0.000 0.000 0.400 1.000 2.400 0.750 2.000 1.000 1.000 0.900    0.20 2.000 1.000
//6AM
167 221 237    252 251 241    222 222 222      0  22 218    177 222 224    255 255 255    255 255 255      1.50    1.50 1500.00   79.00  119 120 120    105 105 105    31  31  31 239    0.23     0.00       0.65        2.18    96 111 120      0   0   0     0.55       1.00    0.85     1.00         1.00      1.49     16.00    128.00    1.46  256.00  0.10        77       1.30         2.53          2.24       2.50     13.00    -8  0.527 0.678 0.839 1.000 0.812 0.906 1.000 1.000 0.894 0.698 0.361 0.310 0.310 1.000 6.613 0.215 1.000 0.000 0.478 0.478 0.478 0.368 0.000 0.000 0.132 0.680 0.488 8.000 0.667 0.365 1.000 0.026 0.400 0.846 0.000 1.265 0.800 0.800 0.800 0.000 0.569 0.569 0.569 0.000 6.000 0.000 0.685 0.000 24.000 25.000 26.000 0.000 0.000 0.980 1.000 0.000 0.149 1000.000 0.000 0.000 0.400 1.000 2.350 0.850 2.000 1.000 1.000 0.900    0.20 2.000 1.000
//7AM
166 230 255    255 232 117    254 255 242      0  26 161    107 145 150    255 255 255    255 255 255      2.40    2.40 1500.00   73.00  119 120 120    105 105 105     0  40  60 239    0.10     0.00       0.61        2.88   109 121 122      0   0   0     0.36       1.00    0.76     1.00         1.00      0.85     16.00    128.00    1.46  256.00  0.10        77      15.00         9.50          8.50      14.50     13.00   -10  0.500 0.678 0.839 1.000 0.871 0.486 0.486 1.000 0.894 0.698 0.361 0.310 0.310 1.000 1.860 0.203 1.000 0.000 0.478 0.478 0.478 0.396 0.000 0.000 0.132 0.680 0.757 8.000 0.667 1.700 1.000 0.088 0.400 0.124 0.000 1.265 0.800 0.800 0.800 0.140 0.953 0.761 0.761 0.164 5.000 0.000 0.685 0.000 24.000 25.000 26.000 0.000 0.000 0.980 1.000 0.000 0.101 25.000 0.000 0.000 0.300 1.000 1.000 1.200 2.000 1.000 1.000 0.000    2.00 1.000 1.000
//9AM
166 230 255    255 255 252    255 255 255      0  27 196    117 128 143    255 255 255    255 255 255      2.40    2.40 1500.00   73.00  119 120 120    105 105 105     0  40  60 239    0.14     0.00       0.61        2.88   117 117 117      0   0   0     0.38       1.00    1.25     1.00         1.00      0.60     16.00    128.00    1.46  256.00  0.10        77       6.25         9.50          8.50      19.50      4.50   -10  0.500 0.678 0.839 1.000 0.871 0.486 0.486 1.000 0.894 0.698 0.361 0.310 0.310 1.000 1.860 0.203 1.000 0.000 0.478 0.478 0.478 0.396 0.000 0.000 0.132 0.680 0.757 8.000 0.667 1.700 1.000 0.088 0.400 0.124 0.000 1.265 0.800 0.800 0.800 0.140 0.953 0.761 0.761 0.164 5.000 0.000 0.685 0.000 24.000 25.000 26.000 0.000 0.000 0.980 1.000 0.000 0.119 25.500 0.000 0.000 0.300 1.000 1.000 1.050 2.000 1.000 1.000 0.000    2.00 1.000 1.000
//Midday
166 230 255    255 255 252    255 255 255      0  25 196    117 128 143    255 255 255    255 255 255      2.40    2.40 1500.00   73.00  119 120 120    105 105 105     0  40  60 239    0.14     0.00       0.61        2.88   117 117 117      0   0   0     0.38       1.00    1.13     1.00         1.00      0.60     16.00    128.00    1.46  256.00  0.10        77       6.25         9.50          8.50      19.50      4.50   -10  0.500 0.678 0.839 1.000 0.871 0.486 0.486 1.000 0.894 0.698 0.361 0.310 0.310 1.000 1.860 0.203 1.000 0.000 0.478 0.478 0.478 0.396 0.000 0.000 0.132 0.680 0.757 8.000 0.667 1.700 1.000 0.088 0.400 0.124 0.000 1.265 0.800 0.800 0.800 0.140 0.953 0.761 0.761 0.164 5.000 0.000 0.685 0.000 24.000 25.000 26.000 0.000 0.000 0.980 1.000 0.000 0.119 25.000 0.000 0.000 0.300 1.000 1.000 1.000 2.000 1.000 1.000 0.000    2.00 1.000 1.000
//6PM
166 230 255    255 232 117    255 238 117      0  24 161      0 110 255    255 255 255    255 255 255      1.00    1.00 1500.00   73.00  119 120 120    105 105 105     0  40  60 239    0.14     0.00       0.61        2.88   109 122 122      0   0   0     0.16       1.00    1.00     0.00         1.00      0.85     16.00    128.00    1.46  256.00  0.10        77      20.75         9.50          8.50      14.50     13.00   -10  0.500 0.678 0.839 1.000 0.871 0.486 0.486 1.000 0.894 0.698 0.361 0.310 0.310 1.000 1.860 0.203 1.000 0.000 0.478 0.478 0.478 0.396 0.000 0.000 0.132 0.680 0.757 8.000 0.667 1.700 1.000 0.088 0.400 0.124 0.000 1.265 0.800 0.800 0.800 0.140 0.953 0.761 0.761 0.164 6.000 0.000 0.685 0.000 24.000 25.000 26.000 0.000 0.000 0.980 1.000 0.000 0.020 25.000 0.000 0.000 0.300 1.000 1.000 1.000 1.000 1.000 1.000 0.000    2.00 1.000 1.000
//7PM
160 230 255    255 255 252    255 255 255      0  12 182    131 195 230    255 255 255    255 255 255      1.00    1.00 1500.00   73.00  119 120 120    105 105 105     0  40  60 239    0.34     0.00       0.61        2.88   117 117 117      0   0   0     0.38       1.00    0.89     1.00         1.00      1.11     16.00    128.00    1.46  256.00  0.10        77       1.50         2.00          2.00       3.50     13.00   -10  0.500 0.678 0.839 1.000 0.871 0.486 0.486 1.000 0.890 0.694 0.361 0.310 0.310 1.000 1.860 0.203 1.000 0.000 0.478 0.478 0.478 0.396 0.000 0.000 0.132 0.680 0.757 8.000 0.667 1.700 1.000 0.088 0.400 0.124 0.000 1.265 0.800 0.800 0.800 0.140 0.922 0.922 0.922 0.164 6.000 0.000 0.685 0.000 24.000 25.000 26.000 0.000 0.000 0.980 1.000 0.000 0.124 25.000 0.000 0.000 0.300 1.000 1.000 0.500 1.000 1.000 1.000 0.000    2.00 1.000 1.000
//8PM
166 227 250    254 254 249    246 246 246      0  16 182    131 195 230    255 255 255    255 255 255      1.20    1.20 1500.00   73.00  119 120 120    105 105 105     0  40  60 239    0.29     0.00       0.61        2.19    99 105  97      0   0   0     0.39       1.00    0.72     1.00         1.00      1.49     16.00    128.00    1.46  256.00  0.10        77       1.45         2.14          2.07       3.30      5.00     0  0.527 0.435 0.482 0.522 0.812 0.906 1.000 1.000 0.894 0.698 0.361 0.310 0.310 1.000 6.613 0.215 1.000 0.000 0.478 0.478 0.478 0.368 0.000 0.000 0.132 0.680 0.488 8.000 0.667 0.365 1.000 0.026 0.400 0.846 0.000 1.265 0.800 0.800 0.800 0.000 0.459 0.459 0.459 0.000 6.000 0.000 0.685 0.000 24.000 25.000 26.000 0.000 0.000 0.980 1.000 0.000 0.090 1000.000 0.000 0.000 0.300 1.000 2.100 0.750 2.000 1.000 1.000 0.400    2.00 1.000 1.000
//9PM
167 221 237    252 251 241    222 222 222      0  24 218    177 222 224    255 255 255    255 255 255      1.20    1.20 1500.00   73.00  119 120 120    105 105 105     0  40  60 239    0.23     0.00       0.65        2.70   107 120 103      0   0   0     0.43       1.00    0.90     1.00         1.00      1.80     16.00    128.00    1.46  256.00  0.10        77       1.32         2.53          2.24       2.70     13.00   -10  0.500 0.678 0.839 1.000 0.812 0.906 1.000 1.000 0.894 0.698 0.361 0.310 0.310 1.000 6.613 0.215 1.000 0.000 0.478 0.478 0.478 0.368 0.000 0.000 0.132 0.680 0.488 8.000 0.667 0.365 1.000 0.026 0.400 0.846 0.000 1.265 0.800 0.800 0.800 0.000 0.569 0.569 0.569 0.000 6.000 0.000 0.685 0.000 24.000 25.000 26.000 0.000 0.000 0.980 1.000 0.000 0.000 1000.000 0.000 0.000 0.300 1.000 2.000 0.800 2.000 1.000 1.000 0.400    2.00 1.000 1.000
//10PM
174 199 192    249 243 214    138 138 138      0  24 218    177 222 224    255 255 255    255 255 255      1.20    1.20 1500.00   73.00  119 120 120    105 105 105     0  40  60 239    0.23     0.00       0.65        2.49   107 120 103      0   0   0     0.57       1.00    0.90     1.00         1.00      1.65     16.00    128.00    1.46  256.00  0.10        77       0.82         4.01          2.91       2.70     13.00   -10  0.500 0.678 0.839 1.000 0.812 0.906 1.000 1.000 0.894 0.698 0.361 0.310 0.310 1.000 6.613 0.215 1.000 0.000 0.478 0.478 0.478 0.368 0.000 0.000 0.132 0.680 0.488 8.000 0.667 0.365 1.000 0.026 0.400 0.846 0.000 1.265 0.800 0.800 0.800 0.000 0.569 0.569 0.569 0.000 6.000 0.000 0.685 0.000 24.000 25.000 26.000 0.000 0.000 0.980 1.000 0.000 0.000 1000.000 0.000 0.000 0.300 1.000 1.825 0.850 2.000 1.000 1.000 0.400    2.00 1.000 1.000

////////// LIGHTNING
//Amb0            Amb1            Dir            Sky top        Sky bot        SunCore        SunCorona     SunSz  SprBght FarClp   FogSt   LowCloudsRGB  BottomCloudRGB  WaterRGBA      Exposure BPThreshold MidGreyValue IntensityBloom ColourCorrectRGB ColourAddRGB Desaturation Contrast Gamma DesaturationFar ContrastFar GammaFar DepthFxNear DepthFxFar LumMin LumMax LumDelay CloudAlpha DirLightMult AmbLightMult0 AmbLightMult1 SkyLightMult SunMult Temperature   Far DOF   Near DOF   Near Blur DOF   Mid Blur DOF   Far Blur DOF    Water Reflection    Particle HDR    Sprite Size		Global sun multiplier ambient occlusion scaler
//Midnight
145 155 205    185 172 158      0   0   0      0  35  79     68  87  74    255 255 255    255 255 255      1.00    1.00 1500.00   73.00  119 120 120    105 105 105    76  76  76 125    0.17     0.00       0.61        2.88   104 120  99      0   0   0     0.86       1.00    0.92     0.82         1.00      0.96     16.00    128.00    1.46  256.00  0.11        77       0.00         5.02          5.53       4.50     13.00   -12  1.393 0.290 0.306 0.322 0.871 0.486 0.486 1.000 0.894 0.698 0.361 0.310 0.310 1.000 1.298 0.155 1.000 0.000 0.200 0.200 0.200 0.102 1.243 0.000 0.132 0.680 0.757 8.000 0.837 1.700 1.000 0.354 0.400 1.112 0.842 1.265 0.000 0.000 0.000 0.925 0.890 0.827 0.800 0.164 5.000 0.000 0.685 0.000 24.000 25.000 26.000 0.000 0.000 0.980 1.000 0.000 0.419 130.750 0.000 0.000 0.000 0.300 2.250 0.850 1.000 1.000 1.000 0.750    2.00 1.000 1.000
//5AM
147 152 192    167 160 169      0   0   0      0  26  79     73  94  80    255 255 255    255 255 255      1.00    1.00 1500.00   73.00  119 120 120    105 105 105    76  76  76 125    0.17     0.00       0.61        2.88   104 120  99      0   0   0     0.86       1.00    0.92     0.82         1.00      0.96     16.00    128.00    1.46  256.00  0.11        77       0.00         4.51          4.76       4.50     13.00    -7  1.393 0.290 0.306 0.322 0.871 0.486 0.486 1.000 0.894 0.698 0.361 0.310 0.310 1.000 1.298 0.155 1.000 0.000 0.200 0.200 0.200 0.102 1.243 0.000 0.132 0.680 0.757 8.000 0.837 1.700 1.000 0.354 0.400 1.112 0.842 1.265 0.000 0.000 0.000 0.925 0.890 0.827 0.800 0.164 5.000 0.000 0.685 0.000 24.000 25.000 26.000 0.000 0.000 0.980 1.000 0.000 0.419 130.750 0.000 0.000 0.000 0.300 2.575 0.750 1.000 1.000 1.000 0.750    2.00 1.000 1.000
//6AM
250 253 255    117 172 255    255 255 255      0  33 132     56 128 117    255 255 255    255 255 255      1.00    1.00 1500.00   40.50  119 120 120    105 105 105    48  48  48 239    0.20     0.22       0.50        5.03   130 120 104      0   0   0     0.41       1.00    0.96     1.00         1.00      1.00     16.00    128.00    1.46  256.00  0.10        77       7.00         4.20          7.00       6.50      0.00     0  0.960 0.435 0.482 0.522 0.812 0.906 1.000 1.000 0.894 0.698 0.361 0.310 0.310 1.000 6.613 0.215 1.000 0.000 0.478 0.478 0.478 0.368 0.998 0.000 0.132 0.680 0.488 8.000 0.667 0.365 1.000 0.026 0.400 0.846 0.890 1.265 0.800 0.800 0.800 0.000 0.569 0.569 0.569 0.000 8.000 0.000 0.685 0.000 24.000 25.000 26.000 0.000 0.000 0.980 1.000 0.000 0.140 1000.000 0.000 0.000 0.000 1.000 1.750 0.900 1.000 1.000 1.000 0.725    2.00 1.000 1.000
//7AM
229 205 174    166 192 206     96  96  96      0  43 132    111 126 130    255 255 255    255 255 255      1.00    1.00 1500.00   40.50  119 120 120    105 105 105     0  40  60 239    0.22     0.22       0.50        3.52    92 112 120      0   0   0     0.65       1.00    0.88     1.00         1.00      1.23     16.00    128.00    1.46  256.00  0.10        77       2.93         6.30          6.20       6.50      0.00     0  1.045 0.435 0.482 0.522 0.812 0.906 1.000 1.000 0.894 0.698 0.361 0.310 0.310 1.000 6.613 0.215 1.000 0.000 0.478 0.478 0.478 0.368 0.998 0.000 0.132 0.680 0.488 8.000 0.667 0.365 1.000 0.026 0.400 0.846 0.890 1.265 0.800 0.800 0.800 0.000 0.569 0.569 0.569 0.000 8.000 0.000 0.685 0.000 24.000 25.000 26.000 0.000 0.000 0.980 1.000 0.000 0.314 1000.000 0.000 0.000 0.000 1.000 1.000 0.900 1.000 1.000 1.000 0.725    2.00 1.000 1.000
//9AM
219 182 136    189 201 183     48  48  48      0  34 132    111 126 130    255 255 255    255 255 255      1.00    1.00 1500.00   40.50  119 120 120    105 105 105    41  41  41 239    0.26     0.22       0.50        2.92    99 117 130      0   0   0     0.75       1.00    1.09     1.00         1.00      1.26     16.00    128.00    1.46  256.00  0.10        77       1.49         7.03          5.82      10.75      0.00     0  1.045 0.435 0.482 0.522 0.812 0.906 1.000 1.000 0.894 0.698 0.361 0.310 0.310 1.000 6.613 0.215 1.000 0.000 0.478 0.478 0.478 0.368 0.998 0.000 0.132 0.680 0.488 8.000 0.667 0.365 1.000 0.026 0.400 0.846 0.890 1.265 0.800 0.800 0.800 0.000 0.569 0.569 0.569 0.000 8.000 0.000 0.685 0.000 24.000 25.000 26.000 0.000 0.000 0.980 1.000 0.000 0.314 1000.000 0.000 0.000 0.000 1.000 1.000 0.850 1.000 1.000 1.000 0.725    2.00 1.000 1.000
//Midday
250 253 255    117 172 255    255 255 255      0  39 132    111 126 130    255 255 255    255 255 255      1.00    1.00 1500.00   40.50  119 120 120    105 105 105    48  48  48 239    0.28     0.22       0.50        5.03   104 117 130      0   0   0     0.41       1.00    0.90     1.00         1.00      0.85     16.00    128.00    1.46  256.00  0.10        77       7.00         4.20          7.00       7.25      0.00     0  0.600 0.435 0.482 0.522 0.812 0.906 1.000 1.000 0.894 0.698 0.361 0.310 0.310 1.000 6.613 0.215 1.000 0.000 0.478 0.478 0.478 0.368 0.998 0.000 0.132 0.680 0.488 8.000 0.667 0.365 1.000 0.026 0.400 0.846 0.890 1.265 0.800 0.800 0.800 0.000 0.569 0.569 0.569 0.000 8.000 0.000 0.685 0.000 24.000 25.000 26.000 0.000 0.000 0.980 1.000 0.000 0.163 1000.000 0.000 0.000 0.000 1.000 1.000 0.750 1.000 1.000 1.000 0.725    2.00 1.000 1.000
//6PM
250 253 255    117 172 255    255 255 255      0  37 132    111 126 130    255 255 255    255 255 255      1.00    1.00 1500.00   40.50  119 120 120    105 105 105    42  43  43 239    0.28     0.22       0.50        5.03   104 117 130      0   0   0     0.57       1.00    0.88     1.00         1.00      1.01     16.00    128.00    1.46  256.00  0.10        77       7.00         4.20          7.00       6.50      0.00     0  0.600 0.435 0.482 0.522 0.812 0.906 1.000 1.000 0.894 0.698 0.361 0.310 0.310 1.000 6.613 0.215 1.000 0.000 0.478 0.478 0.478 0.368 0.998 0.000 0.132 0.680 0.488 8.000 0.667 0.365 1.000 0.026 0.400 0.846 0.890 1.265 0.800 0.800 0.800 0.000 0.569 0.569 0.569 0.000 8.000 0.000 0.685 0.000 24.000 25.000 26.000 0.000 0.000 0.980 1.000 0.000 0.220 1000.000 0.000 0.000 0.000 1.000 1.000 0.700 1.000 1.000 1.000 0.725    2.00 1.000 1.000
//7PM
250 253 255    117 172 255    255 255 255      0  36 132    111 126 130    255 255 255    255 255 255      1.00    1.00 1500.00   40.50  119 120 120    105 105 105     0  40  60 239    0.28     0.22       0.50        5.03   124 130 104      0   0   0     0.41       1.00    0.99     1.00         1.00      0.85     16.00    128.00    1.46  256.00  0.10        77       7.25         4.75          6.50       6.50      0.00    -2  0.600 0.435 0.482 0.522 0.812 0.906 1.000 1.000 0.894 0.698 0.361 0.310 0.310 1.000 6.613 0.215 1.000 0.000 0.478 0.478 0.478 0.368 0.998 0.000 0.132 0.680 0.488 8.000 0.667 0.365 1.000 0.026 0.400 0.846 0.890 1.265 0.800 0.800 0.800 0.000 0.569 0.569 0.569 0.000 8.000 0.000 0.685 0.000 24.000 25.000 26.000 0.000 0.000 0.980 1.000 0.000 0.111 1000.000 0.000 0.000 0.000 1.000 2.025 0.650 1.000 1.000 1.000 0.725    2.00 1.000 1.000
//8PM
250 253 255    117 172 255    255 255 255      0  57 132    111 126 130    255 255 255    255 255 255      1.00    1.00 1500.00   40.50  119 120 120    105 105 105    25  25  26 239    0.14     0.22       0.50        5.03   104 124 130      0   0   0     0.41       1.00    1.09     1.00         1.00      0.85     16.00    128.00    1.46  256.00  0.10        77      15.50         9.50         13.75      13.00      0.00     0  0.600 0.435 0.482 0.522 0.812 0.906 1.000 1.000 0.894 0.698 0.361 0.310 0.310 1.000 6.613 0.215 1.000 0.000 0.478 0.478 0.478 0.368 0.998 0.000 0.132 0.680 0.488 8.000 0.667 0.365 1.000 0.026 0.400 0.846 0.890 1.265 0.329 0.329 0.329 0.000 0.569 0.569 0.569 0.000 8.000 0.000 0.685 0.000 24.000 25.000 26.000 0.000 0.000 0.980 1.000 0.000 0.170 1000.000 0.000 0.000 0.000 0.725 2.725 1.050 1.000 1.000 1.000 0.725    2.00 1.000 1.000
//9PM
145 155 205    185 172 158      0   0   0      0  31  79     31 106 135    255 255 255    255 255 255      1.00    1.00 1500.00   73.00  119 120 120    105 105 105    76  76  76 125    0.17     0.00       0.61        2.88   104 120  99      0   0   0     0.86       1.00    0.92     0.82         1.00      0.96     16.00    128.00    1.46  256.00  0.11        77       0.00         5.02          5.53       4.50     13.00    10  1.393 0.290 0.306 0.322 0.871 0.486 0.486 1.000 0.894 0.698 0.361 0.310 0.310 1.000 1.298 0.155 1.000 0.000 0.200 0.200 0.200 0.102 1.243 0.000 0.132 0.680 0.757 8.000 0.837 1.700 1.000 0.354 0.400 1.112 0.842 1.265 0.000 0.000 0.000 0.925 0.890 0.827 0.800 0.164 5.000 0.000 0.685 0.000 24.000 25.000 26.000 0.000 0.000 0.980 1.000 0.000 0.419 130.750 0.000 0.000 -0.000 0.225 2.125 0.750 1.000 1.000 1.000 0.750    2.00 1.000 1.000
//10PM
175 142 119    216 200 144      0   0   0      0  25  79     79 120  93    255 255 255    255 255 255      1.00    1.00 1500.00   73.00  119 120 120    105 105 105    76  76  76 125    0.17     0.00       0.61        2.26   104 120  99      0   0   0     0.89       1.00    0.92     0.82         1.00      1.27     16.00    128.00    1.46  256.00  0.11        77       0.00         7.07          5.23       4.50     13.00    10  1.393 0.290 0.306 0.322 0.871 0.486 0.486 1.000 0.894 0.698 0.361 0.310 0.310 1.000 1.298 0.155 1.000 0.000 0.200 0.200 0.200 0.102 1.243 0.000 0.132 0.680 0.757 8.000 0.837 1.700 1.000 0.354 0.400 1.112 0.842 1.265 0.000 0.000 0.000 0.925 0.890 0.827 0.800 0.164 5.000 0.000 0.685 0.000 24.000 25.000 26.000 0.000 0.000 0.980 1.000 0.000 0.419 130.750 0.000 0.000 0.000 0.225 2.500 0.800 1.000 1.000 1.000 0.750    2.00 1.000 1.000

////////// TEMP
//Amb0            Amb1            Dir            Sky top        Sky bot        SunCore        SunCorona     SunSz  SprBght FarClp   FogSt   LowCloudsRGB  BottomCloudRGB  WaterRGBA      Exposure BPThreshold MidGreyValue IntensityBloom ColourCorrectRGB ColourAddRGB Desaturation Contrast Gamma DesaturationFar ContrastFar GammaFar DepthFxNear DepthFxFar LumMin LumMax LumDelay CloudAlpha DirLightMult AmbLightMult0 AmbLightMult1 SkyLightMult SunMult Temperature   Far DOF   Near DOF   Near Blur DOF   Mid Blur DOF   Far Blur DOF    Water Reflection    Particle HDR    Sprite Size		Global sun multiplier ambient occlusion scaler
//Midnight
153 148 169    158 156 174    210 252 252      0   0  79     73 127 171    255 255 255    255 255 255      1.00    1.00 1382.82   73.00  119 120 120    105 105 105    76  76  76 125    0.17     0.00       0.61        2.70    99 112 120      0   0   0     0.87       1.00    0.92     0.82         1.00      1.03     16.00    128.00    1.46  256.00  0.11        77       2.75         4.45          4.17       4.50     13.00    10  1.393 0.290 0.306 0.322 0.871 0.486 0.486 1.000 0.894 0.698 0.361 0.310 0.310 1.000 1.298 0.155 1.000 0.000 0.200 0.200 0.200 0.102 1.243 0.000 0.132 0.680 0.757 8.000 0.837 1.700 1.000 0.354 0.400 1.112 0.842 1.265 0.000 0.000 0.000 0.925 0.890 0.827 0.800 0.164 5.000 0.000 0.685 0.000 24.000 25.000 26.000 0.000 0.000 0.980 1.000 0.000 0.419 130.750 0.000 0.000 0.000 0.300 1.000 0.975 1.000 1.000 1.000 0.750    2.00 1.000 1.000
//5AM
235 160  21     30 183 217    242 255 217      0   0   0      0 200 255      0   0   0      0   0   0      1.00    1.00 1200.00   50.00   35   9  10     26  30  36     0   0   0  50    0.26     1.86       0.41       10.00   119 141 145      0   0   0     0.42       1.00    0.72     0.62         1.00      1.50     15.00    348.75    0.47  176.13  0.10         0       0.00         1.60          1.85       0.05      0.00     0  0.565 0.678 0.839 1.000 0.812 0.906 1.000 1.000 0.894 0.698 0.361 0.310 0.310 1.000 6.613 0.215 1.000 0.000 0.478 0.478 0.478 0.368 0.998 0.000 0.132 0.680 0.757 8.000 0.667 1.700 1.000 0.088 0.400 0.124 0.890 1.265 0.800 0.800 0.800 0.140 0.953 0.761 0.761 0.164 100.000 0.000 0.685 0.000 24.000 25.000 26.000 0.000 0.000 0.980 1.000 0.000 0.000 1000.000 0.000 0.000 0.475 1.000 4.650 0.775 1.000 1.000 1.000 0.000    2.00 1.000 1.000
//6AM
255 227 166    250 136  42    255 179  42      0   0  24    255 140 140    255 255 255    255 255 255      1.00    1.00 1500.00   73.00  119 120 120    105 105 105    61  31   0 239    0.14     0.00       0.61        2.88   122 110  94      0   0   0     0.66       1.00    0.71     0.82         1.00      1.18     16.00    128.00    1.46  256.00  0.17        77      20.75         4.00          4.50      12.75     13.00    10  0.032 0.678 0.839 1.000 0.871 0.486 0.486 1.000 0.894 0.698 1.000 0.882 0.588 1.000 1.860 0.203 1.000 0.000 0.478 0.478 0.478 0.396 1.296 0.252 0.132 0.680 0.757 8.000 0.667 1.700 1.000 0.088 0.400 0.124 0.890 1.265 0.800 0.800 0.800 0.140 0.953 0.761 0.761 0.164 25.000 0.000 0.685 0.000 24.000 25.000 26.000 0.000 0.000 0.980 1.000 0.000 0.000 1000.000 0.000 0.000 0.225 1.000 1.050 1.000 1.000 1.000 1.000 0.800    2.00 1.000 1.000
//7AM
255 255 255    255 254 255    255 255 255      0   0   0    156 209 255    255 255 255    255 255 255      1.00    1.00 1200.00  100.00  120 120 120    105 105 105     0  40  60 240    0.11     0.22       0.50        0.63   128 128 128      0   0   0     0.80       1.00    0.72     1.00         1.00      0.85     16.00    128.00    1.46  256.00  0.08        77      46.00         2.00         10.25      14.50     13.00    15  1.500 0.678 0.839 1.000 0.922 0.961 1.000 1.000 0.894 0.698 0.361 0.310 0.310 1.000 2.175 0.430 1.000 0.000 0.478 0.478 0.478 0.345 0.000 0.000 0.132 0.680 0.757 8.000 0.000 1.572 1.000 0.088 0.400 0.124 0.000 1.265 0.800 0.800 0.800 0.295 0.761 0.737 0.722 0.274 100.000 0.000 0.685 0.000 24.000 25.000 26.000 0.000 0.000 0.980 1.000 0.062 0.259 1000.000 0.000 0.000 0.000 1.000 1.000 1.000 1.000 1.000 1.000 0.875    2.00 1.000 1.000
//9AM
255 255 255    255 254 255    255 255 255      0   0   0    156 209 255    255 255 255    255 255 255      1.00    1.00 1200.00  100.00  120 120 120    105 105 105     0  40  60 240    0.11     0.22       0.50        5.03   120 114  90      0   0   0     0.80       1.00    0.72     1.00         1.00      0.85     16.00    128.00    1.46  256.00  0.08        77       0.00        22.00         22.00      14.50     13.00    15  0.030 0.678 0.839 1.000 0.922 0.961 1.000 1.000 0.894 0.698 0.361 0.310 0.310 1.000 2.175 0.430 1.000 0.000 0.478 0.478 0.478 0.345 0.000 0.000 0.132 0.680 0.757 8.000 0.000 1.572 1.000 0.088 0.400 0.124 0.000 1.265 0.800 0.800 0.800 0.295 0.761 0.737 0.722 0.274 100.000 0.000 0.685 0.000 24.000 25.000 26.000 0.000 0.000 0.980 1.000 0.062 0.259 1000.000 0.000 0.000 0.000 1.000 1.000 1.000 1.000 1.000 1.000 0.000    2.00 1.000 1.000
//Midday
255 242 242    247 240 240    255 254 252      0   0   0     65 158 240    255 255 255    255 255 255      1.00    1.00 1200.00   73.00  119 120 120    105 105 105     0  40  60 239    0.22     0.48       0.48        0.17   128 128 128      0   0   0     1.00       1.00    1.00     1.00         1.00      1.00     16.00    128.00    0.28  256.00  0.00        77       3.50         3.50          3.75       3.25     13.00    10  0.500 0.282 0.471 0.659 0.871 0.486 0.486 1.000 0.894 0.698 0.361 0.310 0.310 1.000 1.298 0.165 1.000 0.000 0.451 0.431 0.427 0.303 0.438 0.000 0.132 0.680 0.757 8.000 0.667 1.700 1.000 0.645 0.400 0.124 0.425 1.265 0.000 0.000 0.000 0.140 0.941 0.631 0.490 0.164 100.000 0.000 0.685 0.000 24.000 25.000 26.000 0.000 0.000 0.980 1.000 0.032 0.000 1000.000 0.000 0.000 0.325 1.000 1.000 1.000 1.000 1.000 1.000 1.000    2.00 1.000 1.000
//6PM
166 230 255    255 195 117    250 228 117      0   0   0    155 209 255    255 255 255    255 255 255      1.00    1.00 1200.00   73.00  119 120 120    105 105 105     0  40  60 239    0.15     0.00       0.61        2.88   115 122 108      0   0   0     0.66       1.00    0.71     0.82         1.00      0.85     16.00    128.00    1.46  256.00  0.08        77      20.75         9.50          8.50      14.50     13.00    10  0.500 0.678 0.839 1.000 0.871 0.486 0.486 1.000 0.894 0.698 0.361 0.310 0.310 1.000 1.860 0.203 1.000 0.000 0.451 0.431 0.427 0.396 1.109 0.000 0.132 0.680 0.757 8.000 0.667 1.700 1.000 0.754 0.400 0.124 0.890 1.265 0.000 0.000 0.000 0.140 0.953 0.761 0.761 0.164 100.000 0.000 0.685 0.000 24.000 25.000 26.000 0.000 0.000 0.980 1.000 0.000 0.000 1000.000 0.000 0.000 0.000 1.000 1.000 1.000 1.000 1.000 1.000 0.000    2.00 1.000 1.000
//7PM
250 253 255    117 172 255    255 232 255      0   0   0    155 209 255    255 255 255    255 255 255      1.00    1.00 1500.00   73.00  119 120 120    105 105 105     0  40  60 239    0.11     0.00       0.50        1.30   118 140 134      0   0   0     0.36       1.00    0.72     1.00         1.00      1.00     16.00    128.00    1.46  256.00  0.08        77      15.50         9.50         13.75      14.50     13.00     0  0.460 0.678 0.839 1.000 0.812 0.906 1.000 1.000 0.894 0.698 0.361 0.310 0.310 1.000 6.613 0.215 1.000 0.000 0.478 0.478 0.478 0.368 0.998 0.000 0.132 0.680 0.757 8.000 0.667 1.700 1.000 0.088 0.400 0.124 0.890 1.265 0.800 0.800 0.800 0.140 0.953 0.761 0.761 0.164 8.000 0.000 0.685 0.000 24.000 25.000 26.000 0.000 0.000 0.980 1.000 0.000 0.000 1000.000 0.000 0.000 0.000 1.000 1.000 1.000 1.000 1.000 1.000 0.700    2.00 1.000 1.000
//8PM
255 227 166    250 136  42    255 134  42      0   0  24    255 140 140    255 255 255    255 255 255      1.00    1.00 1500.00   73.00  119 120 120    105 105 105    61  31   0 239    0.14     0.00       0.61        2.88   122 110  94      0   0   0     0.66       1.00    0.71     0.82         1.00      1.18     16.00    128.00    1.46  256.00  0.17        77      20.75         4.00          4.50      10.00     13.00    10  0.400 1.000 0.839 0.678 0.871 0.486 0.486 1.000 0.894 0.698 1.000 0.882 0.588 1.000 1.860 0.203 1.000 0.000 0.478 0.478 0.478 0.396 1.296 0.252 0.132 0.680 0.757 8.000 0.667 1.700 1.000 0.088 0.400 0.124 0.890 1.265 0.800 0.800 0.800 0.140 0.949 0.906 0.761 0.164 100.000 0.000 0.685 0.000 24.000 25.000 26.000 0.000 0.000 0.980 1.000 0.000 0.000 1000.000 0.000 0.000 0.225 1.000 1.050 1.000 1.000 1.000 1.000 0.000    2.00 1.000 1.000
//9PM
255 227 166    250 136  42    255 134  42      0   0  24    255 140 140    255 255 255    255 255 255      1.00    1.00 1500.00   73.00  119 120 120    105 105 105    61  31   0 239    0.14     0.00       0.61        2.88   122 110  94      0   0   0     0.66       1.00    0.71     0.82         1.00      1.18     16.00    128.00    1.46  256.00  0.17        77      20.75         4.00          4.50      10.00     13.00    10  0.400 1.000 0.839 0.678 0.871 0.486 0.486 1.000 0.894 0.698 1.000 0.882 0.588 1.000 1.860 0.203 1.000 0.000 0.478 0.478 0.478 0.396 1.296 0.252 0.132 0.680 0.757 8.000 0.667 1.700 1.000 0.088 0.400 0.124 0.890 1.265 0.800 0.800 0.800 0.140 0.949 0.906 0.761 0.164 100.000 0.000 0.685 0.000 24.000 25.000 26.000 0.000 0.000 0.980 1.000 0.000 0.000 1000.000 0.000 0.000 0.225 1.000 1.050 1.000 1.000 1.000 1.000 0.000    2.00 1.000 1.000
//10PM
  0 180 240      0 180 240      0  46 240      0   0   0      0   0   0    255 128   0    255 128   0      1.00    1.00  600.00   10.00   70  27  10     15  11  34    15  18  20 240    3.66     0.77       0.19        1.25   128 128 128      0   0   0     0.85       1.00    0.83     1.00         1.00      1.00     16.00    128.00    3.49  256.00  0.20         0       4.50         1.00          1.00       4.00      1.00     0  2.000 0.000 0.500 1.000 0.000 0.500 1.000 0.000 0.500 1.000 1.000 0.500 0.000 1.000 11.000 1.000 1.000 0.000 0.800 0.800 0.800 1.000 0.500 0.100 0.312 0.680 0.500 8.000 0.312 1.700 1.000 0.088 0.300 0.000 1.580 1.200 0.800 0.800 0.800 0.000 0.952 0.762 0.762 0.000 1.700 0.315 0.685 0.041 24.000 25.000 26.000 0.143 0.000 0.980 1.000 0.000 2.000 1000.000 0.000 0.000 0.000 1.000 1.000 1.000 1.000 1.000 1.000 0.000    2.00 1.000 1.000

