//EXTRASUNNY
//Midnight
96 126 184  30 87 217  47 94 196  -1  0  116  0 112 255  0 0 0  -1  -1  -1  -1  1.2  1500  50  35 9 10  26 30 36  43 50 54 154  2.69  0.3  0.71  4.94  107 133 138  0 0 0  0.34  1  0.78  0.83  1  1.19  15.75  182.64  19.88  256  0.1  0  1  3.51  3.57  1.84  0  0  1.389  0.494118 0.494118 0.494118  0.811765 0.880214 1  0.52549 0.6082 0.752941  0.309804 0.309804 0.360784  1  4.976  0.162  -1  -1  0.435294 0.435294 0.435294  0.603  0.998  0.265  0.132  -1 0.757  8  0.667  1.7  -1  0.088  0.675  0.124  0.89  1.265  0.666 0.666 0.666  0.063  0.886275 0.886275 0.886275  0.624  6.9  0.32  0.18  0.029  24.962 25 26  0.114  1.057  -1  -1  0  0  1000  -1  -1  0  0  3.498  0.75  1  1  1  0.8  2  1  1
//5AM
128 153 186  93 115 199  252 252 252  -1  0  100  23 99 251  41 39 39  -1  -1  -1  -1  1.2  1500  54  35 9 10  26 30 36  45 45 45 168  2.28  0.25  0.69  1.23  103 130 134  0 0 0  0.51  1  0.85  0.83  1  1.35  15.79  174.12  16.93  256  0.1  0  2.5  3.69  3.85  2.75  2  1  1.08  0.372549 0.460549 0.572549  0.819608 0.870588 0.921569  0.552941 0.668119 0.792157  0.352941 0.391059 0.458824  1  4.5  0.168  -1  -1  0.443137 0.443137 0.443137  0.569  1.044  0.26  0.132  -1 0.757  8  0.667  1.7  -1  0.088  0.631  0.124  0.892  1.265  0.686 0.686 0.686  0.075  0.894118 0.841317 0.792157  0.55  9.697  0.484  0.165  0.024  24 25 26  0.095  0.882  -1  -1  0  0  1000  -1  -1  0.141  0.428  1  1  1  1  1  0.733  2  1  1
//6AM
160 191 254  53 143 239  255 245 230  -1  0  21  139 200 251  249 237 237  -1  -1  -1  -1  1  1500  73.97  113 115 113  106 105 102  3 38 56 239  0.24  0.01  0.6  1.55  86 116 117  0 0 0  0.65  1  0.71  0.82  1  1.17  16.01  131.49  2.19  254.89  0.17  71  7.79  1.69  3.25  5.35  12.5  9  0.379  0.729412 0.811578 0.945098  0.513726 0.704504 0.866667  1 0.865342 0.698039  0.568627 0.709804 0.956863  1  2.202  0.2  -1  -1  0.478431 0.478431 0.478431  0.401  1.276  0.238  0.132  -1 0.757  8  0.667  1.7  -1  0.09  0.408  0.124  0.901  1.265  0.794 0.793 0.793  0.138  0.945098 0.861976 0.760784  0.177  23.683  0.006  0.674  0  24.029 25 26  0.002  0.005  -1  -1  0  0  1000  -1  -1  0.216  1  1.061  1.1  1  1  1  0.9  2  1  1
//7AM
166 199 255  42 123 250  237 183 95  -1  0  24  140 202 255  255 255 255  -1  -1  -1  -1  1  1500  73.03  119 120 120  105 105 105  2 7 10 239  0.14  0  0.61  2.88  120 105 84  0 0 0  0.66  1  0.71  0.82  1  1.18  15.99  127.95  1.46  255.92  0.17  77  17  4  4.5  12.75  13  10  0.4  0.741176 0.824314 0.94902  0.486275 0.694012 0.870588  1 0.864962 0.698039  0.588235 0.737968 1  1  1.86  0.203  -1  -1  0.478431 0.478431 0.478431  0.396  1.296  0.252  0.132  -1 0.757  8  0.667  1.7  -1  0.088  0.4  0.124  0.89  1.265  0.8 0.8 0.8  0.14  0.952941 0.866282 0.760784  0.164  25  0  0.685  0  24 25 26  0  0  -1  -1  0  0  1000  -1  -1  0.225  1  1.05  1  1  1  1  0.6  2  1  1
//9AM
184 209 252  122 179 255  252 245 235  -1  0  0  82 152 217  255 255 255  -1  -1  -1  -1  1  1500  100  58 72 40  199 230 196  6 14 18 240  0.14  0.16  0.62  4.3  130 120 98  0 0 0  0.63  1  0.6  0.51  1  0.9  16  128  1.53  256  0.1  217  17  4.75  5  19.25  13  10  0.36  0.396078 0.552941 0.788235  0.45098 0.694754 0.901961  0.901961 0.70028 0.45098  0 0.363636 1  1  16.66  0.155  -1  -1  0.290196 0.290196 0.290196  0.102  1.066  0  0.132  -1 0  8  0.667  1.7  -1  0.354  0.354  0.5  0.4  0.435  0.102 0.102 0.102  1.265  0.658824 0.657055 0.654902  0  1.7  0  0.685  0  24 25 26  0  0  -1  -1  0  0.296  1000  -1  -1  0.2  1  1  0.8  1  1  1  0.7  2  1  1
//Midday
138 159 255  255 216 117  227 227 227  -1  0  0  3 45 255  255 255 255  -1  -1  -1  -1  1  1500  73  119 120 120  105 105 105  7 17 23 125  0.19  0  0.61  2.88  115 122 113  0 0 0  0.7  1  0.92  0.82  1  0.96  16  128  1.46  256  0.11  77  14.75  6.25  8.5  11.5  13  10  0.46  0.411765 0.632941 0.780392  0.486275 0.678431 0.870588  0.698039 0.84902 1  0.360784 0.360784 0.360784  1  1.298  0.37  -1  -1  0.282353 0.288132 0.290196  0.102  1.243  0  0.132  -1 0.757  8  0.667  1.7  -1  0.354  0.4  0.124  0.425  1.265  0 0 0  0.14  0.941176 0.941176 0.941176  0.164  5  0  0.685  0  24 25 26  0  0  -1  -1  0.032  0  130.75  -1  -1  0  1  1  0.8  1  1  1  0.75  2  1  1
//6PM
163 209 255  255 217 122  235 242 252  -1  0  0  82 115 217  255 255 255  -1  -1  -1  -1  1  1500  100  58 72 40  199 230 196  6 14 18 240  0.14  0.16  0.62  4.3  130 120 98  0 0 0  0.63  1  0.6  0.51  1  0.9  16  128  1.53  256  0.1  217  17  4.75  5  13  13  10  0.36  0.788235 0.788235 0.788235  0.45098 0.676471 0.901961  0.45098 0.676471 0.901961  1 1 1  1  16.66  0.155  -1  -1  0.290196 0.290196 0.290196  0.102  1.066  0  0.132  -1 0  8  0.667  1.7  -1  0.354  0.354  0.5  0.4  0.435  0.102 0.102 0.102  1.265  0.658824 0.658824 0.658824  0  1.7  0  0.685  0  24 25 26  0  0  -1  -1  0  0.296  1000  -1  -1  0.2  1  1  1  1  1  1  0.7  2  1  1
//7PM
166 197 255  255 193 0  255 213 158  -1  0  24  140 183 255  255 255 255  -1  -1  -1  -1  1  1500  73  119 120 120  105 105 105  15 15 15 239  0.14  0.43  0.63  2.43  138 108 69  0 0 0  0.75  1  0.72  0.82  1  1.18  16  128  1.46  256  0.17  77  13  5.5  4.5  11.25  13  10  0.4  0.729412 0.823986 1  0.486275 0.726471 0.870588  1 0.814458 0.698039  0.588235 0.651584 1  1  4.32  0.495  -1  -1  0.447059 0.470098 0.490196  0.396  1.296  0.252  0.132  -1 0.757  8  0.667  1.7  -1  0.088  0.4  0.124  0.89  1.265  0.8 0.8 0.8  0.14  0.94902 0.84194 0.760784  0.164  8  0  0.685  0  24 25 26  0  0  -1  -1  0  0  1000  -1  -1  0.225  1  1.05  1  1  1  1  0.6  2  1  1
//8PM
166 197 255  255 128 0  255 218 158  -1  0  24  255 217 140  255 255 255  -1  -1  -1  -1  1  1500  73  119 120 120  105 105 105  28 28 28 239  0.14  0.43  0.63  2.43  138 108 69  0 0 0  0.75  1  0.72  0.82  1  1.18  16  128  1.46  256  0.17  77  13  5.5  4.5  11.25  13  10  0.4  0.729412 0.835294 1  0.486275 0.576701 0.870588  1 0.698039 0.784314  0.588235 0.647059 1  1  4.32  0.788  -1  -1  0.447059 0.470098 0.490196  0.396  1.296  0.252  0.132  -1 0.757  8  0.667  1.7  -1  0.088  0.4  0.124  0.89  1.265  0.8 0.8 0.8  0.14  0.94902 0.905581 0.760784  0.164  8  0  0.685  0  24 25 26  0  0  -1  -1  0  0  1000  -1  -1  0.225  1  1.05  1  1  1  1  0.7  2  1  1
//9PM
166 189 255  0 142 255  158 205 255  -1  0  24  140 162 255  255 255 255  -1  -1  -1  -1  1  1500  73  119 120 120  105 105 105  20 20 20 239  0.58  0.43  0.63  2.43  138 108 69  0 0 0  0.75  1  0.72  0.82  1  1.18  16  128  3.66  256  0.17  77  6.5  2.25  2.25  4  13  10  0.4  0.545098 0.608578 0.690196  0.486275 0.654412 0.870588  1 0.779879 0.698039  0.588235 0.733564 1  1  4.32  0.788  -1  -1  0.447059 0.470098 0.490196  0.396  1.296  0.252  0.132  -1 0.757  8  0.667  1.7  -1  0.088  0.4  0.124  0.89  1.265  0.071 0.071 0.071  0.14  0.94902 0.855271 0.760784  0.164  8  0  0.685  0  24 25 26  0  0  -1  -1  0  0  1000  -1  -1  0.225  1  1.05  0.8  1  1  1  0.7  2  1  1
//10PM
96 126 184  30 87 217  42 85 177  -1  0  116  0 102 255  0 0 0  -1  -1  -1  -1  1.2  1500  50.77  35 9 10  26 30 36  43 50 54 154  2.66  0.31  0.71  4.92  107 133 138  0 0 0  0.34  1  0.76  0.83  1  1.24  15.67  181.86  19.86  255.19  0.1  0  2.75  3.51  3.57  1.84  0  0  1.382  0.301961 0.353203 0.494118  0.811765 0.880214 1  0.52549 0.6082 0.752941  0.309804 0.309804 0.360784  1  4.976  0.162  -1  -1  0.435294 0.435294 0.435294  0.603  0.998  0.265  0.132  -1 0.757  8  0.667  1.7  -1  0.088  0.675  0.124  0.89  1.265  0.666 0.666 0.666  0.063  0.886275 0.886275 0.886275  0.624  6.9  0.32  0.18  0.029  24.962 25 26  0.114  1.057  -1  -1  0  0  1000  -1  -1  0.126  0.314  3.498  0.75  1  1  1  0.8  2  1  1

//SUNNY
//Midnight
141 153 182  144 153 180  59 133 255  -1  0  0  13 13 13  0 0 0  -1  -1  -1  -1  1  1500  50  35 9 10  26 30 36  0 39 59 150  2.4  0.63  0.7  4.45  128 128 128  0 0 0  0.65  1  0.77  0.62  1  1.2  15  348.75  19.88  256  0.1  0  2  3.92  3.93  3.05  0  0  0.643  0.219608 0.219608 0.219608  1 1 1  0 0 0  0.309804 0.309804 0.360784  1  11.205  0  -1  -1  0.305882 0.307966 0.309804  0.368  0.998  1.07  0.132  -1 0.757  8  0.667  1.7  -1  0.088  1.513  0.124  0.89  1.265  0.259 0.259 0.259  0.14  0.760784 0.817402 0.952941  0.164  8  0.359  0.174  0.256  0 0 0  0  4  -1  -1  0  0  1000  -1  -1  0.1  0.25  3.825  0.8  1  1  1  0.9  2  1  1
//5AM
141 159 182  144 155 180  59 162 255  -1  0  0  13 13 13  0 0 0  -1  -1  -1  -1  1  1500  50  35 9 10  26 30 36  45 52 55 150  2.4  0.63  0.7  4.45  128 128 128  0 0 0  0.65  1  0.77  0.62  1  1.2  15  348.75  19.88  256  0.1  0  2  3.92  3.93  3.05  0  0  0.643  0.219608 0.219608 0.219608  1 0.420814 0.0588235  0 0 0  0.309804 0.333109 0.360784  1  11.205  0  -1  -1  0.309804 0.309804 0.309804  0.368  0.998  1.07  0.132  -1 0.757  8  0.667  1.7  -1  0.088  1.513  0.124  0.89  1.265  0.259 0.259 0.259  0.14  0.411765 0.411765 0.411765  0.164  8  0.359  0.174  0.256  0 0 0  0  4  -1  -1  0  0  1000  -1  -1  0.1  0.25  2.775  0.8  1  1  1  0.9  2  1  1
//6AM
141 147 159  108 174 247  255 181 8  -1  0  22  160 178 200  250 0 0  -1  -1  -1  -1  1  1500  100  58 72 40  179 148 88  0 39 60 240  0.93  0  0.46  1.84  101 130 109  0 0 0  0.43  1  0.75  1  1  1.18  16  128  9.93  234.82  0.2  0  8.41  7.21  7.8  11  7.25  2  0.46  0.721569 0.822816 1  1 0.913122 0.811765  0.698039 0.835294 1  0.309804 0.32808 0.360784  1  6.613  0.215  -1  -1  0.478431 0.478431 0.478431  0.368  0.998  0  0.132  -1 0.757  8  0.667  1.7  -1  0.088  0.4  0.124  0.89  1.265  0.8 0.8 0.8  0.14  0.952941 0.91024 0.760784  0.164  25  0  0.685  0  24 25 26  0  0  -1  -1  0  0  1000  -1  -1  0.15  1  1  1.4  1  1  1  0.8  2  1  1
//7AM
166 208 255  250 190 42  255 194 41  -1  0  24  140 175 255  255 255 255  -1  -1  -1  -1  1  1500  73  119 120 120  105 105 105  20 20 20 239  0.14  0  0.61  2.88  122 110 94  0 0 0  0.66  1  0.71  0.82  1  1.18  16  128  1.46  256  0.17  77  20.75  4  4.5  12.75  13  10  0.4  0.678431 0.785621 1  0.870588 0.738889 0.384314  0.698039 0.864794 1  1 1 1  1  1.86  0.203  -1  -1  0.478431 0.478431 0.478431  0.396  1.296  0.252  0.132  -1 0.757  8  0.667  1.7  -1  0.088  0.4  0.124  0.89  1.265  0.8 0.8 0.8  0.14  0.952941 0.89841 0.760784  0.164  25  0  0.685  0  24 25 26  0  0  -1  -1  0  0  1000  -1  -1  0.225  1  1.05  1  1  1  1  0  2  1  1
//9AM
50 125 199  75 179 235  255 227 163  -1  0  44  51 95 255  255 255 255  -1  -1  -1  -1  1  1500  147.1  119 120 120  105 105 105  0 0 0 239  0.2  0  0.61  2.87  109 120 122  0 0 0  0.71  1  0.8  1  1  1.18  15.94  127.65  1.47  255.43  0.1  77  10.25  4  4  8  1.5  9  0.458  0.909804 0.909804 0.909804  1 1 1  0.698039 0.84902 1  0.360784 0.360784 0.360784  1  1.86  0.451  -1  -1  0.407843 0.522549 0.560784  0.396  1.434  0.285  0.132  -1 1  6.272  0.548  0.378  -1  0.373  0.4  0.124  0.89  1.265  0.89 0.89 0.89  0.14  0.941176 0.89098 0.705882  1  8  0  0.685  0  24 25 26  0  0  -1  -1  0  0  1000  -1  -1  0.3  1  1.5  0.8  1  1  1  0.725  2  1  1
//Midday
121 160 199  240 231 209  255 236 194  -1  0  44  51 85 255  255 255 255  -1  -1  -1  -1  1  1500  147.1  119 120 120  105 105 105  0 0 0 239  0.2  0  0.61  2.87  109 120 122  0 0 0  0.76  1  0.8  1  1  1.18  15.94  127.65  1.47  255.43  0.1  77  10.25  4  4  8  1.5  9  0.458  0.682353 0.818824 0.909804  0.94902 0.97451 1  0.698039 0.84902 1  0.360784 0.360784 0.360784  1  1.95  0.361  -1  -1  0.470588 0.537049 0.560784  0.396  1.434  0.285  0.132  -1 1  6.272  0.548  0.51  -1  0.373  0.4  0.124  0.89  1.265  0.89 0.89 0.89  0.14  0.941176 0.941176 0.941176  1  8  0  0.685  0  24 25 26  0  0  -1  -1  0  0  1000  -1  -1  0.3  1  1.5  0.8  1  1  1  0.725  2  1  1
//6PM
166 211 255  247 210 119  250 233 207  -1  0  24  140 178 255  255 255 255  -1  -1  -1  -1  1  1500  73  119 120 120  105 105 105  43 52 56 239  0.14  0  0.61  2.88  125 110 90  0 0 0  0.66  1  0.78  0.82  1  1.18  16  128  1.46  256  0.17  77  20.75  4  6  14.5  13  10  0.4  0.678431 0.864603 1  0.486275 0.678431 0.870588  1 0.899346 0.698039  1 1 1  1  1.86  0.203  -1  -1  0.478431 0.478431 0.478431  0.396  1.296  0.252  0.132  -1 0.757  8  0.667  1.7  -1  0.088  0.4  0.124  0.89  1.265  0.8 0.8 0.8  0.14  0.952941 0.874964 0.760784  0.164  8  0  0.685  0  24 25 26  0  0  -1  -1  0  0  1000  -1  -1  0.225  1  1.05  1  1  1  1  0.75  2  1  1
//7PM
255 239 166  250 250 250  255 94 42  -1  0  24  255 221 140  255 255 255  -1  -1  -1  -1  1  1500  73  119 120 120  105 105 105  0 40 61 239  0.14  0  0.61  2.88  122 110 94  0 0 0  0.66  1  0.71  0.82  1  1.18  16  128  1.78  256  0.17  77  20.75  4  4.5  10  13  10  0.4  0.882353 0.931117 0.968627  0.486275 0.678431 0.870588  1 0.77769 0.698039  0.588235 0.802353 1  1  1.86  0.203  -1  -1  0.435294 0.463645 0.490196  0.396  1.296  0.252  0.132  -1 0.757  8  0.667  1.7  -1  0.088  0.4  0.124  0.89  1.265  0.8 0.8 0.8  0.14  0.94902 0.820284 0.760784  0.164  8  0  0.685  0  24 25 26  0  0  -1  -1  0  0  1000  -1  -1  0.225  1  1.05  1.1  1  1  0.825  0.8  2  1  1
//8PM
166 190 255  42 157 250  255 94 42  -1  0  24  140 173 255  255 255 255  -1  -1  -1  -1  1  1500  73  119 120 120  105 105 105  13 13 13 239  0.21  0  0.61  2.88  122 110 94  0 0 0  0.66  1  0.71  0.82  1  1.18  16  128  2.56  256  0.17  77  15  2.25  2.5  10  13  10  0.4  0.678431 0.835196 1  0.486275 0.678431 0.870588  1 0.80049 0.698039  0.588235 0.794118 1  1  1.86  0.203  -1  -1  0.478431 0.478431 0.478431  0.396  1.296  0.252  0.132  -1 0.757  8  0.667  1.7  -1  0.088  0.4  0.124  0.89  1.265  0.8 0.8 0.8  0.14  0.94902 0.94902 0.94902  0.164  8  0  0.685  0  24 25 26  0  0  -1  -1  0  0  1000  -1  -1  0.225  1  1.05  0.95  1  1  0.825  0.8  2  1  1
//9PM
118 156 255  117 152 255  117 167 250  -1  0  0  111 111 139  255 45 0  -1  -1  -1  -1  1  1500  9  62 120 141  104 198 255  26 36 41 100  2.85  0.08  0.57  3.75  133 96 66  0 0 0  0.37  1  0.74  0.6  1  1  8  64  18.73  256  0.1  0  11.75  4.5  2.5  6.5  18  3  0.46  1 1 1  1 1 1  1 1 1  0.309804 0.309804 0.360784  1  11  0.215  -1  -1  0.478431 0.478431 0.478431  0.368  0.998  0  0.132  -1 0.757  8  0.667  1.7  -1  0.088  0.4  0.124  0.89  1.265  0.8 0.8 0.8  0.14  0.772549 0.829066 0.909804  0.159  8  0.179  0.133  0  24 25 26  0  0  -1  -1  0.04  0  1000  -1  -1  0  0.8  1  0.7  1  1  1  0.825  2  1  1
//10PM
142 153 180  145 154 180  33 76 147  -1  0  0  13 13 13  0 0 0  -1  -1  -1  -1  1  1500  50  35 9 10  26 30 36  41 56 64 150  2.4  0.63  0.7  4.45  128 128 128  0 0 0  0.65  1  0.77  0.62  1  1.28  15  348.75  19.88  256  0.1  0  1.16  3.94  3.95  3.05  0  0  0.643  0.219608 0.219608 0.219608  1 1 1  0 0 0  0.309804 0.309804 0.360784  1  11.205  0  -1  -1  0.305882 0.307966 0.309804  0.368  0.998  1.07  0.132  -1 0.757  8  0.667  1.7  -1  0.088  1.513  0.124  0.89  1.265  0.259 0.259 0.259  0.14  0.196078 0.213841 0.239216  0.164  8  0.359  0.174  0.256  0 0 0  0  4  -1  -1  0  0  1000  -1  -1  0.1  0.25  3.15  0.8  1  1  1  0.9  2  1  1

//SUNNY_WINDY
//Midnight
30 94 217  30 87 217  0 69 217  -1  0  120  5 115 255  0 0 0  -1  -1  -1  -1  0.6  1500  50  35 9 10  26 30 36  99 99 99 240  3.21  0.21  0.72  2.12  119 140 144  0 0 0  0.28  1  1  1  1  1.17  15.96  127.74  19.86  255.58  0.1  0  2.3  3.99  3.99  1.75  0  -1  0.8  0.501961 0.501961 0.501961  0.811765 0.880214 1  0.698039 0.807843 1  0.309804 0.309804 0.360784  1  6.613  0.215  -1  -1  0.478 0.478 0.478  0.795  0.998  0  0.132  -1 0.757  8  0.667  1.7  -1  0.088  0.4  0.124  0.89  1.265  0.8 0.8 0.8  0  0.831373 0.831373 0.831373  1  6  0.363  0  0.045  25.75 25 26  0.199  0.096  -1  -1  0  0  1000  -1  -1  0  0.775  3.625  0.75  1  1  1  0.825  2  1  1
//5AM
30 112 217  30 69 217  217 155 0  -1  0  120  5 88 255  0 0 0  -1  -1  -1  -1  0.6  1500  50  35 9 10  26 30 36  92 92 92 240  3.21  0.21  0.72  2.12  119 140 144  0 0 0  0.28  1  1  1  1  1.17  15.96  127.74  19.86  255.58  0.1  0  2.3  3.99  3.99  1.75  0  -1  0.8  0.266667 0.370196 0.501961  0.811765 0.905882 1  0.698039 0.843428 1  0.309804 0.328157 0.360784  1  6.613  0.215  -1  -1  0.478 0.478 0.478  0.795  0.998  0  0.132  -1 0.757  8  0.667  1.7  -1  0.088  0.4  0.124  0.89  1.265  0.8 0.8 0.8  0  0.831373 0.831373 0.831373  1  6  0.363  0  0.045  25.75 25 26  0.199  0.096  -1  -1  0  0  1000  -1  -1  0  0.7  3.7  0.8  1  1  1  0.825  2  1  1
//6AM
166 195 255  42 143 250  255 169 42  -1  0  24  160 182 200  255 255 255  -1  -1  -1  -1  1  1500  73  119 120 120  105 105 105  31 31 31 239  0.19  0  0.5  1.45  108 120 99  0 0 0  0.31  1  0.81  0.82  1  1.18  16  128  1.46  256  0.17  77  20.75  5  5  8.25  13  10  0.4  0.678431 0.800934 1  0.486275 0.694012 0.870588  1 0.865342 0.698039  0.588235 0.737968 1  1  1.86  0.203  -1  -1  0.478 0.478 0.478  0.396  1.296  0.252  0.132  -1 0.757  8  0.667  1.7  -1  0.088  0.4  0.124  0.89  1.265  0.8 0.8 0.8  0.14  0.952941 0.866282 0.760784  0.164  8  0  0.685  0  24 25 26  0  0  -1  -1  0  0  1000  -1  -1  0.225  1  1.05  1.05  1  1  1  0.75  2  1  1
//7AM
166 199 255  42 123 250  255 171 42  -1  0  24  140 202 255  255 255 255  -1  -1  -1  -1  1  1500  73  119 120 120  105 105 105  8 8 8 239  0.19  0  0.5  3.78  122 110 94  0 0 0  0.41  1  0.76  0.82  1  1.18  16  128  1.46  256  0.17  77  20.75  4  4  11.5  13  10  0.4  0.678431 0.807059 1  0.486275 0.694012 0.870588  1 0.864962 0.698039  0.588235 0.737968 1  1  1.86  0.203  -1  -1  0.478 0.478 0.478  0.396  1.296  0.252  0.132  -1 0.757  8  0.667  1.7  -1  0.088  0.4  0.124  0.89  1.265  0.8 0.8 0.8  0.14  0.952941 0.866282 0.760784  0.164  8  0  0.685  0  24 25 26  0  0  -1  -1  0  0  1000  -1  -1  0.225  1  1.05  0.85  1  1  1  0.775  2  1  1
//9AM
206 213 226  128 170 226  255 252 248  -1  0  0  155 207 255  255 255 255  -1  -1  -1  -1  1  1500  73  119 120 120  105 105 105  26 33 36 239  0.12  0  0.5  2.22  116 140 128  0 0 0  0.36  1  0.72  1  1  1.13  16  128  1.46  256  0.1  77  11  7.44  10.25  14.5  1  0  0.46  0.678431 0.807059 1  0.811765 0.913514 1  1 0.864962 0.698039  0.309804 0.328342 0.360784  1  6.613  0.215  -1  -1  0.478 0.478 0.478  0.368  0.998  0  0.132  -1 0.757  8  0.667  1.7  -1  0.088  0.4  0.124  0.89  1.265  0.8 0.8 0.8  0.14  0.952941 0.866282 0.760784  0.164  8  0  0.685  0  24 25 26  0  0  -1  -1  0  0  1000  -1  -1  0.225  1  1  1.2  1  1  1  0.7  2  1  1
//Midday
250 251 255  255 216 117  224 224 224  -1  0  46  112 136 255  255 255 255  -1  -1  -1  -1  1  1500  73  119 120 120  105 105 105  0 39 60 239  0.2  0.22  0.5  4.55  138 131 106  0 0 0  0.45  1  0.82  1  1  0.85  16  128  1.46  256  0.18  77  12  4.25  10.25  10  13  0  0.382  0.678431 0.871373 1  0.811765 0.905882 1  0.698039 0.84902 1  0.360784 0.360784 0.360784  1  6.613  0.215  -1  -1  0.478 0.478 0.478  0.368  0.998  0  0.132  -1 0.757  8  0.667  1.7  -1  0.088  0.4  0.124  0.89  1.265  0.8 0.8 0.8  0.14  0.952941 0.952941 0.952941  0.164  8  0  0.685  0  24 25 26  0  0  -1  -1  0  0  1000  -1  -1  0  1  1  0.75  1  1  1  0.75  2  1  1
//6PM
204 222 255  255 222 117  224 190 146  -1  0  46  112 166 255  255 255 255  -1  -1  -1  -1  1  1500  73  119 120 120  105 105 105  0 39 60 239  0.2  0.22  0.5  4.55  138 131 106  0 0 0  0.45  1  0.82  1  1  0.85  16  128  1.46  256  0.18  77  12  4.25  10.25  10  13  0  0.382  0.678431 0.790824 1  0.811765 0.929412 1  1 0.814458 0.698039  0.309804 0.317647 0.360784  1  6.613  0.215  -1  -1  0.478 0.478 0.478  0.368  0.998  0  0.132  -1 0.757  8  0.667  1.7  -1  0.088  0.4  0.124  0.89  1.265  0.8 0.8 0.8  0.14  0.952941 0.84363 0.760784  0.164  8  0  0.685  0  24 25 26  0  0  -1  -1  0  0  1000  -1  -1  0  0.875  1  0.8  1  1  1  0.75  2  1  1
//7PM
250 252 255  255 186 117  255 168 28  -1  0  0  255 222 155  255 255 255  -1  -1  -1  -1  1  1500  73  119 120 120  105 105 105  32 68 87 239  0.69  0.22  0.5  5.03  138 131 106  0 0 0  0.49  1  0.87  0.85  1  0.85  16  128  4.53  256  0.1  77  11.5  4.5  5.5  7  13  0  0.46  0.678431 0.804263 1  0.811765 0.856055 1  1 0.698039 0.784314  0.309804 0.317087 0.360784  1  6.613  0.215  -1  -1  0.478 0.478 0.478  0.368  0.998  0  0.132  -1 0.757  8  0.667  1.7  -1  0.088  0.4  0.124  0.89  1.265  0.8 0.8 0.8  0.14  0.952941 0.908597 0.760784  0.164  8  0  0.685  0  24 25 26  0  0  -1  -1  0  0  1000  -1  -1  0  0.625  1  0.6  1  1  1  0.725  2  1  1
//8PM
118 153 255  117 194 255  117 181 250  -1  0  1  107 107 107  255 45 0  -1  -1  -1  -1  1  1500  9  62 120 141  104 198 255  35 39 41 238  3.7  0.6  0.57  6.65  133 96 66  0 0 0  0.25  1  0.74  0.67  1  1  8  64  18.73  256  0.1  0  2.75  4.5  2.5  4.5  18  12  0.46  0.678431 0.819118 1  0.811765 0.894118 1  1 0.779879 0.698039  0.309804 0.327797 0.360784  1  11  0.215  -1  -1  0.478 0.478 0.478  0.368  0.998  0  0.132  -1 0.757  8  0.667  1.7  -1  0.088  0.4  0.124  0.89  1.265  0.8 0.8 0.8  0.14  0.909804 0.841446 0.772549  0.159  1.7  0.179  0.133  0  24 25 26  0  0  -1  -1  0.04  0  1000  -1  -1  0.175  0.7  1.825  0.5  1  1  1  0.8  2  1  1
//9PM
118 165 255  117 159 255  117 159 250  -1  0  0  111 122 139  255 45 0  -1  -1  -1  -1  1  1500  9  62 120 141  104 198 255  16 30 38 238  3.7  0.6  0.57  6.65  133 96 66  0 0 0  0.25  1  0.74  0.67  1  1  8  64  18.73  256  0.1  0  2.75  4.5  2.5  4.5  18  12  0.46  0.678431 0.764183 1  0.811765 0.880214 1  0.698039 0.807843 1  0.309804 0.309804 0.360784  1  11  0.215  -1  -1  0.478 0.478 0.478  0.368  0.998  0  0.132  -1 0.757  8  0.667  1.7  -1  0.088  0.4  0.124  0.89  1.265  0.8 0.8 0.8  0.14  0.909804 0.909804 0.909804  0.159  1.7  0.179  0.133  0  24 25 26  0  0  -1  -1  0.04  0  1000  -1  -1  0.125  0.75  2  0.5  1  1  1  0.8  2  1  1
//10PM
30 76 217  217 164 30  255 199 125  -1  0  120  5 155 255  0 0 0  -1  -1  -1  -1  0.6  1500  50  35 9 10  26 30 36  78 117 138 240  3.21  0.21  0.72  3.27  119 140 144  0 0 0  0.37  1  1  1  1  1.14  15.96  127.74  19.86  255.58  0.1  0  2.5  3.99  3.99  1.75  0  0  0.9  0.501961 0.501961 0.501961  1 1 1  1 1 1  0.360784 0.360784 0.360784  1  6.613  0.215  -1  -1  0.478 0.478 0.478  0.795  0.998  0  0.132  -1 0.757  8  0.667  1.7  -1  0.088  0.4  0.124  0.89  1.265  0.8 0.8 0.8  0  0.831373 0.831373 0.831373  1  6  0.363  0  0  25.75 25 26  0  0  -1  -1  0  0  1000  -1  -1  0  0.575  4.017  0.65  1  1  1  0.925  2  1  1

//CLOUDY
//Midnight
30 53 217  30 69 217  217 217 219  -1  0  179  0 0 255  0 0 0  -1  -1  -1  -1  0.7  1500  50  35 9 10  26 30 36  5 12 15 240  1.96  0.09  0.63  2.97  155 181 186  0 0 0  0.43  1  0.8  0.62  1  1.25  16  128  19.88  256  0.1  0  1.5  1.75  2.25  1.5  0  0  0.425  1 1 1  1 1 1  1 1 1  0.309804 0.32963 0.360784  1  6.613  0.215  -1  -1  0.478431 0.478431 0.478431  0.368  0.998  0  0.132  -1 0.757  8  0.677  0.79  -1  0.088  0.4  0.124  0.89  1.265  0.8 0.8 0.8  0  0.521569 0.503641 0.482353  0.554  6  0.363  0  0  25.75 25 26  0  0  -1  -1  0  0  1000  -1  -1  0  0.45  4  0.85  1  1  1  0.95  1  1  1
//5AM
90 109 198  90 121 198  0 0 0  -1  0  179  0 85 255  0 0 0  -1  -1  -1  -1  0.7  1500  50  35 9 10  26 30 36  5 12 15 240  1.96  0.09  0.63  2.97  155 181 186  0 0 0  0.43  1  0.8  0.62  1  1.25  16  128  19.88  256  0.1  0  0  2.88  3.13  1.5  0  0  0.425  0.14902 0.523451 1  1 0.884163 0.811765  0.698039 0.84902 1  0.309804 0.333109 0.360784  1  6.613  0.215  -1  -1  0.478431 0.478431 0.478431  0.368  0.998  0  0.132  -1 0.757  8  0.677  0.79  -1  0.088  0.4  0.124  0.89  1.265  0.8 0.8 0.8  0  0.521569 0.521569 0.521569  0.554  6  0.363  0  0  25.75 25 26  0  0  -1  -1  0  0.11  1000  -1  -1  0  0.45  4.05  0.8  1  1  1  0.95  1  1  1
//6AM
250 252 255  117 183 255  255 255 255  -1  0  0  155 174 255  255 255 255  -1  -1  -1  -1  1  1500  73  119 120 120  105 105 105  9 12 13 239  0.15  0.22  0.58  5.05  78 100 105  0 0 0  0.27  1  0.74  1  1  0.95  16  128  1.46  256  0.18  77  12  5  8  11.75  4  0  0.425  0.709804 0.779679 0.901961  1 0.913122 0.811765  0.698039 0.835294 1  0.309804 0.32808 0.360784  1  6.675  0  -1  -1  0.478431 0.478431 0.478431  0.268  0.91  0  0.132  -1 0.488  8  0.667  0.688  -1  0.126  0.12  0.696  0.993  1.265  0.361 0.361 0.361  0.102  0.588235 0.564706 0.482353  0  6  0  0.685  0  24 25 26  0  0  -1  -1  0  0.086  157.25  -1  -1  0.075  0.8  1.825  0.9  1  1  1  0.675  2  1  1
//7AM
117 148 217  117 178 255  255 255 255  -1  0  35  47 104 250  255 255 255  -1  -1  -1  -1  1  1500  73  119 120 120  105 105 105  26 26 26 239  0.14  0.29  0.58  4.9  98 108 110  0 0 0  0.3  1  0.73  1  1  0.85  16  128  1.24  256  0.18  77  10  6  6.5  14.5  3.5  0  0.425  0.8 0.8 0.8  0.411765 0.332108 0.117647  0.698039 0.864794 1  0.290196 0.290196 0.290196  1  6.09  0.13  -1  -1  0.372549 0.378464 0.380392  0.268  0.91  0  0.132  -1 0.488  8  0.667  0.688  -1  0.026  0.12  0.696  0.993  1.265  0.361 0.361 0.361  0.102  0.741176 0.701113 0.6  0  6  0  0.685  0  24 25 26  0  0  -1  -1  0  0.026  555  -1  -1  0  0.875  1  0.95  1  1  1  0.525  2  1  1
//9AM
121 142 199  209 219 240  255 236 194  -1  0  44  51 106 255  255 255 255  -1  -1  -1  -1  1  1500  147.1  119 120 120  105 105 105  0 0 0 239  0.2  0  0.61  2.87  107 124 128  0 0 0  0.25  1  0.85  1  1  1.18  15.94  127.65  1.47  255.43  0.1  77  10.25  4  4  8  1.5  9  0.458  0.901961 0.901961 0.901961  1 1 1  0.698039 0.84902 1  0.360784 0.360784 0.360784  1  1.95  0.361  -1  -1  0.470588 0.538235 0.560784  0.396  1.434  0.285  0.132  -1 1  6.272  0.548  0.51  -1  0.373  0.4  0.124  0.89  1.265  0.89 0.89 0.89  0.14  0.941176 0.89098 0.705882  1  8  0  0.685  0  24 25 26  0  0  -1  -1  0  0  1000  -1  -1  0.3  1  1.5  0.5  1  1  1  0.725  2  1  1
//Midday
121 151 199  209 220 240  255 236 194  -1  0  44  51 130 255  255 255 255  -1  -1  -1  -1  1  1500  147.1  119 120 120  105 105 105  0 0 0 239  0.2  0  0.61  2.87  107 124 128  0 0 0  0.25  1  0.85  1  1  1.18  15.94  127.65  1.47  255.43  0.1  77  10.25  4  4  8  1.5  9  0.458  0.764706 0.847059 0.901961  0.94902 0.97451 1  0.698039 0.84902 1  0.360784 0.360784 0.360784  1  1.95  0.361  -1  -1  0.470588 0.537049 0.560784  0.396  1.434  0.285  0.132  -1 1  6.272  0.548  0.51  -1  0.373  0.4  0.124  0.89  1.265  0.89 0.89 0.89  0.14  0.941176 0.941176 0.941176  1  8  0  0.685  0  24 25 26  0  0  -1  -1  0  0  1000  -1  -1  0.3  1  1.5  0.6  1  1  1  0.725  2  1  1
//6PM
121 149 199  209 219 240  255 231 194  -1  0  44  51 124 255  255 255 255  -1  -1  -1  -1  1  1500  147.1  119 120 120  105 105 105  0 0 0 239  0.2  0  0.61  2.87  107 126 128  0 0 0  0.25  1  0.85  1  1  1.18  15.94  127.65  1.47  255.43  0.1  77  10.25  4  4  8  1.5  9  0.458  0.764706 0.844169 0.901961  0.94902 0.97451 1  1 0.899346 0.698039  0.360784 0.360784 0.360784  1  1.95  0.361  -1  -1  0.470588 0.538235 0.560784  0.396  1.434  0.285  0.132  -1 1  6.272  0.548  0.51  -1  0.373  0.4  0.124  0.89  1.265  0.89 0.89 0.89  0.14  0.941176 0.845695 0.705882  1  8  0  0.685  0  24 25 26  0  0  -1  -1  0  0  1000  -1  -1  0.3  1  1.5  0.65  1  1  1  0.725  2  1  1
//7PM
250 251 255  117 154 255  255 255 255  -1  0  0  155 191 255  255 255 255  -1  -1  -1  -1  1  1500  73  119 120 120  105 105 105  66 66 66 239  0.11  0.22  0.58  4.78  138 124 98  0 0 0  0.27  1  0.88  1  1  0.84  16  128  1.46  256  0.18  77  15.5  11  11.25  12.25  13  0  0.425  0.709804 0.818414 0.901961  0.811765 0.905882 1  1 0.77769 0.698039  0.309804 0.336314 0.360784  1  6.675  0  -1  -1  0.478431 0.478431 0.478431  0.268  0.91  0  0.132  -1 0.488  8  0.667  0.688  -1  0.026  0.12  0.696  0.993  1.265  0.361 0.361 0.361  0.102  0.568627 0.568627 0.568627  0  6  0  0.685  0  24 25 26  0  0  -1  -1  0  0  555  -1  -1  0  0.675  1  1  1  1  1  0.7  2  1  1
//8PM
99 141 255  10 145 255  247 100 52  -1  0  77  0 17 245  255 255 255  -1  -1  -1  -1  1  1500  73  119 120 120  105 105 105  84 84 84 239  0.19  0.22  0.5  3.63  98 108 110  173 222 255  0.34  1  0.94  1  1  1.31  128  255  1.46  256  0.18  77  6  11.25  11  4.25  13  0  0.425  0.647059 0.775147 0.909804  0.811765 0.905882 1  1 0.80049 0.698039  0.309804 0.335294 0.360784  1  5.94  0.183  -1  -1  0.478431 0.478431 0.478431  0.268  0.91  0  0.132  -1 0.488  8  0.667  0.688  -1  0.026  0.12  0.696  0.993  1.265  0.361 0.361 0.361  0.102  0.568627 0.568627 0.568627  0  6  0  0.685  0  24 25 26  0  0  -1  -1  0  0  555  -1  -1  0  0.45  2.35  0.95  1  1  0.925  1  2  1  1
//9PM
99 117 255  10 81 255  247 100 52  -1  0  77  0 56 245  255 255 255  -1  -1  -1  -1  1  1500  73  119 120 120  105 105 105  84 84 84 239  0.19  0.22  0.5  3.63  98 108 110  173 222 255  0.34  1  0.94  1  1  1.31  128  255  1.46  256  0.18  77  6  11.25  11  4.25  13  0  0.425  0.647059 0.778431 0.909804  0.811765 0.920941 1  1 0.865081 0.698039  0.309804 0.335594 0.360784  1  5.94  0.183  -1  -1  0.478431 0.478431 0.478431  0.268  0.91  0  0.132  -1 0.488  8  0.667  0.688  -1  0.026  0.12  0.696  0.993  1.265  0.361 0.361 0.361  0.102  0.568627 0.568627 0.568627  0  6  0  0.685  0  24 25 26  0  0  -1  -1  0  0  555  -1  -1  0  0.45  2.35  0.95  1  1  0.925  1  2  1  1
//10PM
30 52 217  30 84 217  219 217 217  -1  0  179  0 58 255  0 0 0  -1  -1  -1  -1  0.7  1500  50  35 9 10  26 30 36  5 12 15 240  1.96  0.09  0.63  0.63  155 181 186  0 0 0  0.43  1  0.8  0.62  1  1.66  16  128  19.88  256  0.1  0  1.5  1.75  2.25  1.5  0  0  0.225  0.14902 0.57451 1  0.811765 0.920941 1  1 0.865081 0.698039  0.309804 0.335594 0.360784  1  6.613  0.215  -1  -1  0.478431 0.478431 0.478431  0.368  0.998  0  0.132  -1 0.757  8  0.667  0.79  -1  0.088  0.4  0.124  0.89  1.265  0.8 0.8 0.8  0  0.521569 0.503641 0.482353  0.554  6  0.363  0  0  25.75 25 26  0  0  -1  -1  0  0  1000  -1  -1  0  0.45  3  0.85  1  1  1  0.95  2  1  1

//RAIN
//Midnight
147 150 160  169 169 162  0 0 0  -1  0  79  120 120 120  255 255 255  -1  -1  -1  -1  1  1500  73  119 120 120  105 105 105  76 76 76 125  0.17  0  0.61  2.7  99 112 120  0 0 0  0.87  1  0.92  0.82  1  1.03  16  128  1.46  256  0.11  77  0  4.88  4.33  4.5  13  10  1.393  0.290196 0.306388 0.321569  0.486275 0.716863 0.870588  1 0.829079 0.698039  0.188235 0.470588 0.282353  1  1.298  0.155  -1  -1  0.2 0.2 0.2  0.102  1.243  0  0.132  -1 0.757  8  0.837  1.7  -1  0.354  0.4  1.112  0.842  1.265  0 0 0  0.925  0.890196 0.845098 0.8  0.164  5  0  0.685  0  24 25 26  0  0  -1  -1  0  0.419  130.75  -1  -1  0  0.3  2.375  0.8  1  1  1  0.75  2  1  1
//5AM
147 152 160  168 162 169  0 0 0  -1  0  79  48 81 120  255 255 255  -1  -1  -1  -1  1  1500  73  119 120 120  105 105 105  76 76 76 125  0.17  0  0.61  2.7  99 112 120  0 0 0  0.87  1  0.92  0.82  1  1.03  16  128  1.46  256  0.11  77  0  4.88  4.33  4.5  13  10  1.393  0.290196 0.303641 0.321569  0.486275 0.694012 0.870588  1 0.864962 0.698039  0.188235 0.470588 0.282353  1  1.298  0.155  -1  -1  0.2 0.2 0.2  0.102  1.243  0  0.132  -1 0.757  8  0.837  1.7  -1  0.354  0.4  1.112  0.842  1.265  0 0 0  0.925  0.890196 0.849393 0.8  0.164  5  0  0.685  0  24 25 26  0  0  -1  -1  0  0.419  130.75  -1  -1  0  0.3  2.625  0.9  1  1  1  0.75  2  1  1
//6AM
139 178 255  252 119 153  227 180 102  -1  0  2  186 213 243  255 255 255  -1  -1  -1  -1  1  1500  72.46  119 120 120  105 105 105  6 17 23 126  0.17  0  0.61  3.43  89 88 60  0 0 0  0.45  1  1.06  0.82  1  0.96  16  128  1.46  256  0.11  77  14.76  7.53  7.36  9.25  13  -2  0.48  0.403922 0.424837 0.458824  0.494118 0.697615 0.870588  1 0.864962 0.698039  0.729412 0.862745 0.952941  1  1.387  0.156  -1  -1  0.25098 0.251961 0.254902  0.106  1.239  0  0.132  -1 0.753  8  0.834  1.678  -1  0.349  0.4  1.108  0.843  1.265  0.013 0.013 0.013  0.91  0.886275 0.845598 0.796078  0.161  5.05  0  0.685  0  24 25 26  0  0  -1  -1  0  0.412  145.238  -1  -1  0.197  1  2.025  0.9  1  1  1  0.75  2  1  1
//7AM
250 252 255  117 214 255  255 255 255  -1  0  132  111 120 130  255 255 255  -1  -1  -1  -1  1  1500  40.5  119 120 120  105 105 105  20 20 20 239  0.11  0.22  0.5  5.03  104 117 130  0 0 0  0.41  1  0.88  1  1  0.85  16  128  1.46  256  0.1  77  15.5  9.5  13.75  13  13  0  0.6  0.435294 0.469804 0.521569  0.811765 0.913514 1  1 0.864962 0.698039  0.435294 0.494118 0.509804  1  6.613  0.215  -1  -1  0.478431 0.478431 0.478431  0.368  0.998  0  0.132  -1 0.488  8  0.667  0.365  -1  0.208  0.4  0.846  0.89  1.265  0.8 0.8 0.8  0  0.568627 0.568627 0.568627  0  8  0  0.685  0  24 25 26  0  0  -1  -1  0  0  1000  -1  -1  0  1  1.95  1.3  1  1  1  0.725  2  1  1
//9AM
186 195 222  255 255 110  255 253 222  -1  0  70  82 155 217  255 255 255  -1  -1  -1  -1  1  1500  100.83  58 72 40  199 230 196  0 0 0 240  0.15  0.06  0.5  1.28  136 138 118  0 0 0  0.32  1  0.77  0.99  3.25  1.19  15.93  127.6  1.48  255.36  0.1  217  13.25  4.98  5  7.25  13  -3  0.663  0.811765 0.811765 0.811765  0.784314 0.870588 0.870588  0.721569 0.807843 0.85098  0.321569 0.654902 0.85098  1  10.99  0.055  -1  -1  0.360784 0.360784 0.360784  0.102  1.243  0  0.132  -1 0.757  8  0.667  1.7  -1  0.354  0.4  0.124  0.425  1.265  0.769 0.769 0.769  0.192  0.631373 0.627887 0.615686  0  5  0  0.685  0  24 25 26  0  0  -1  -1  0  0  1000  -1  -1  0.275  1  1.425  1  1  1  1  0.75  2  1  1
//Midday
186 195 222  255 255 110  255 238 222  -1  0  70  217 217 217  255 255 255  -1  -1  -1  -1  1  1500  100.83  58 72 40  199 230 196  0 0 0 240  0.15  0  0.5  3.65  133 143 142  0 0 0  0.48  1  0.85  1  1  0.99  15.93  127.6  1.48  255.36  0.1  217  13.25  4.98  5  7.25  0  -5  0.663  0.811765 0.811765 0.811765  0.784314 0.836078 0.870588  0.85098 0.777728 0.721569  0.321569 0.654902 0.85098  1  10.99  0.055  -1  -1  0.360784 0.360784 0.360784  0.102  1.243  0  0.132  -1 0.757  8  0.667  1.7  -1  0.354  0.4  0.124  0.425  1.265  0.769 0.769 0.769  0.192  0.631373 0.623529 0.615686  0  5  0  0.685  0  24 25 26  0  0  -1  -1  0  0  1000  -1  -1  0.275  1  2.15  0.8  1  1  1  0.75  2  1  1
//6PM
186 195 222  255 255 110  255 238 222  -1  0  70  217 217 217  255 255 255  -1  -1  -1  -1  1  1500  100.83  58 72 40  199 230 196  0 0 0 240  0.15  0.06  0.5  1.28  133 143 142  0 0 0  0.32  1  0.77  1  1  0.93  15.93  127.6  1.48  255.36  0.1  217  6.75  4.98  5  7.25  13  -11  0.663  0.811765 0.811765 0.811765  0.784314 0.836078 0.870588  0.85098 0.777728 0.721569  0.321569 0.654902 0.85098  1  10.99  0.055  -1  -1  0.360784 0.360784 0.360784  0.102  1.243  0  0.132  -1 0.757  8  0.667  1.7  -1  0.354  0.4  0.124  0.425  1.265  0.769 0.769 0.769  0.192  0.631373 0.623529 0.615686  0  5  0  0.685  0  24 25 26  0  0  -1  -1  0  0  1000  -1  -1  0.275  1  2.1  0.9  1  1  1  0.75  2  1  1
//7PM
138 167 255  255 255 117  227 160 100  -1  0  0  245 245 245  255 255 255  -1  -1  -1  -1  1  1500  73  119 120 120  105 105 105  7 17 23 125  0.17  0  0.61  2.88  104 120 99  0 0 0  0.73  1  0.92  0.82  1  0.96  16  128  1.46  256  0.11  77  14.75  7.5  7.25  7.5  13  -6  0.913  0.403922 0.432258 0.458824  0.486275 0.716863 0.870588  1 0.829079 0.698039  0.737255 0.870588 0.960784  1  1.298  0.155  -1  -1  0.247059 0.249111 0.25098  0.102  1.243  0  0.132  -1 0.757  8  0.837  1.7  -1  0.354  0.4  1.112  0.842  1.265  0 0 0  0.925  0.890196 0.845098 0.8  0.164  5  0  0.685  0  24 25 26  0  0  -1  -1  0  0.419  130.75  -1  -1  0.2  1  1.775  0.85  1  1  1  0.75  2  1  1
//8PM
250 251 255  255 255 117  255 180 112  -1  0  38  69 69 69  255 255 255  -1  -1  -1  -1  1  1500  73  119 120 120  105 105 105  25 32 36 239  0.11  0.01  0.5  1.39  102 97 80  0 0 0  0.63  1  0.72  1  1  1.13  16  128  1.46  256  0.1  77  7.9  9.35  7.09  11.5  13  -4  0.505  0.901961 0.932321 0.960784  0.811765 0.924706 1  1 0.829079 0.698039  0.152941 0.207843 0.270588  1  6.613  0.215  -1  -1  0.478431 0.478431 0.478431  0.368  0.998  0  0.132  -1 0.757  8  0.667  1.7  -1  0.088  0.4  0.124  0.89  1.265  0.8 0.8 0.8  0.14  0.74902 0.74902 0.74902  0.164  8  0  0.685  0  24 25 26  0  0  -1  -1  0  0  1000  -1  -1  0.45  1  1.575  1.5  1  1  1  0.701  2  1  1
//9PM
167 175 200  217 217 130  0 0 0  -1  0  134  189 189 189  255 255 255  -1  -1  -1  -1  0.8  1500  100.88  58 72 40  199 230 196  15 25 31 240  0.24  0.2  0.5  4.03  91 125 116  0 0 0  0.65  1  0.78  0.32  1  0.93  15.93  127.58  1.48  255.32  0.1  217  0  3.12  3.13  3.5  13  5  1.5  0.811765 0.811765 0.811765  0.784314 0.836078 0.870588  0.85098 0.777728 0.721569  0.258824 0.564706 0.741176  1  10.99  0.055  -1  -1  0.360784 0.360784 0.360784  0.102  1.243  0  0.132  -1 0.757  8  0.667  1.7  -1  0.354  0.4  0.124  0.425  1.265  0.769 0.769 0.769  0.192  0.619608 0.619608 0.619608  0  5  0  0.685  0  24 25 26  0  0  -1  -1  0  0  1000  -1  -1  0.275  1  2.125  0.75  2  0.999  1  1  2  1  1
//10PM
186 195 222  255 255 110  255 241 222  -1  0  134  66 140 189  255 255 255  -1  -1  -1  -1  0.8  1500  100.88  58 72 40  199 230 196  0 39 60 240  0.24  0.2  0.5  4.03  91 125 116  0 0 0  0.65  1  0.78  0.32  1  0.93  15.93  127.58  1.48  255.32  0.1  217  9.75  2.23  2.25  3.5  13  5  1.5  0.811765 0.811765 0.811765  0.870588 0.870588 0.870588  0.85098 0.85098 0.85098  0.258824 0.564706 0.741176  1  10.99  0.055  -1  -1  0.360784 0.360784 0.360784  0.102  1.243  0  0.132  -1 0.757  8  0.667  1.7  -1  0.354  0.4  0.124  0.425  1.265  0.769 0.769 0.769  0.192  0.619608 0.619608 0.619608  0  5  0  0.685  0  24 25 26  0  0  -1  -1  0  0  1000  -1  -1  0.275  1  1.65  0.8  2  0.999  1  1  2  1  1

//DRIZZLE
//Midnight
186 190 222  110 164 255  222 236 255  -1  0  134  189 189 189  255 255 255  -1  -1  -1  -1  1  1500  100.88  58 72 40  199 230 196  0 39 60 240  0.19  0.2  0.5  4.03  91 125 116  0 0 0  0.65  1  0.78  0.32  1  1.28  15.93  127.58  1.48  255.32  0.1  217  4  2.23  2.25  3.5  13  -1  0.69  0.811765 0.811765 0.811765  0.870588 0.870588 0.870588  0.85098 0.85098 0.85098  0.847059 0.875444 0.921569  1  10.99  0.055  -1  -1  0.360784 0.360784 0.360784  0.102  1.243  0  0.132  -1 0.757  8  0.667  1.7  -1  0.354  0.4  0.124  0.425  1.265  0.769 0.769 0.769  0.192  0.619608 0.619608 0.619608  0  5  0  0.685  0  24 25 26  0  0  -1  -1  0  0  1000  -1  -1  0.275  1  2.2  0.85  1  0.999  0.55  1  1.1  1  1
//5AM
157 163 188  140 161 196  0 0 0  -1  0  174  66 111 189  255 255 255  -1  -1  -1  -1  1  1500  100.88  58 72 40  199 230 196  0 39 60 240  0.25  0.2  0.5  4.03  91 125 116  0 0 0  0.65  1  0.78  0.32  1  0.93  15.93  127.58  1.48  255.32  0.1  217  0  3.58  3.59  3.5  13  -1  0.69  0.811765 0.811765 0.811765  0.870588 0.817496 0.784314  0.721569 0.792968 0.85098  0.921569 0.921569 0.921569  1  10.99  0.055  -1  -1  0.360784 0.360784 0.360784  0.102  1.243  0  0.132  -1 0.757  8  0.667  1.7  -1  0.354  0.4  0.124  0.425  1.265  0.769 0.769 0.769  0.192  0.619608 0.619608 0.619608  0  5  0  0.685  0  24 25 26  0  0  -1  -1  0  0.101  1000  -1  -1  0.275  1  2.675  0.85  1  0.999  1  0.525  1.1  1  1
//6AM
114 127 194  176 194 214  0 0 0  -1  0  58  93 122 186  255 255 255  -1  -1  -1  -1  1  1500  100  58 72 40  199 230 196  0 39 60 240  0.15  0.16  0.5  2.68  104 131 140  0 0 0  0.8  1  0.75  0.32  1  1.23  16  128  1.46  256  0.1  217  0  7.15  4.91  4.75  0  -1  0.308  0.811765 0.811765 0.811765  0.870588 0.830769 0.784314  0.730196 0.721569 0.85098  0.847059 0.87377 0.921569  1  10.99  0.055  -1  -1  0.360784 0.360784 0.360784  0.102  1.243  0  0.132  -1 0.757  8  0.667  1.7  -1  0.354  0.4  0.124  0.425  1.265  0.769 0.769 0.769  0.192  0.741176 0.741176 0.741176  0  5  0  0.685  0  24 25 26  0  0  -1  -1  0  0.062  1000  -1  -1  0.275  1  1.575  1  1  1  1  0.925  2  1  1
//7AM
186 204 222  255 214 110  255 245 222  -1  0  58  93 121 186  255 255 255  -1  -1  -1  -1  1  1500  100  58 72 40  199 230 196  0 39 60 240  0.15  0.16  0.5  5.4  104 131 140  0 0 0  0.4  1  0.75  0.32  1  0.93  16  128  1.46  256  0.1  217  6.25  4.5  4.75  11  0  5  0.308  0.811765 0.811765 0.811765  0.870588 0.847222 0.784314  0.721569 0.793464 0.85098  0.921569 0.921569 0.921569  1  10.99  0.055  -1  -1  0.360784 0.360784 0.360784  0.102  1.243  0  0.132  -1 0.757  8  0.667  1.7  -1  0.354  0.4  0.124  0.425  1.265  0.769 0.769 0.769  0.192  0.741176 0.741176 0.741176  0  5  0  0.685  0  24 25 26  0  0  -1  -1  0  0.062  1000  -1  -1  0.275  1  1  1  1  1  1  0.925  2  1  1
//9AM
186 206 222  110 204 255  255 244 222  -1  0  58  240 240 240  255 255 255  -1  -1  -1  -1  1  1500  100  58 72 40  199 230 196  0 0 0 240  0.15  0.16  0.5  5.4  121 133 143  0 0 0  0.4  1  0.75  0.32  1  0.93  16  128  1.46  256  0.1  217  6.25  4.5  4.75  11  0  5  0.308  0.811765 0.811765 0.811765  0.784314 0.831046 0.870588  0.721569 0.791667 0.85098  0.921569 0.921569 0.921569  1  10.99  0.055  -1  -1  0.360784 0.360784 0.360784  0.102  1.243  0  0.132  -1 0.757  8  0.667  1.7  -1  0.354  0.4  0.124  0.425  1.265  0.769 0.769 0.769  0.192  0.741176 0.741176 0.741176  0  5  0  0.685  0  24 25 26  0  0  -1  -1  0  0.062  1000  -1  -1  0.25  0.725  1.65  0.8  1  1  1  0.925  2  1  1
//Midday
186 204 222  255 214 110  255 245 222  -1  0  58  255 239 196  255 255 255  -1  -1  -1  -1  1  1500  100  58 72 40  199 230 196  0 39 60 240  0.15  0.16  0.5  5.4  121 133 143  0 0 0  0.4  1  0.75  0.32  1  0.93  16  128  1.46  256  0.1  217  6.25  6.25  4.75  11  0  5  0.308  0.811765 0.811765 0.811765  0.784314 0.827451 0.870588  0.721569 0.786274 0.85098  0.921569 0.921569 0.921569  1  10.99  0.055  -1  -1  0.360784 0.360784 0.360784  0.102  1.243  0  0.132  -1 0.757  8  0.667  1.7  -1  0.354  0.4  0.124  0.425  1.265  0.769 0.769 0.769  0.192  0.741176 0.741176 0.741176  0  5  0  0.685  0  24 25 26  0  0  -1  -1  0  0.062  1000  -1  -1  0.25  0.725  1  0.9  1  1  1  0.925  2  1  1
//6PM
186 201 222  255 214 110  255 233 222  -1  0  58  240 240 240  255 255 255  -1  -1  -1  -1  1  1500  100  58 72 40  199 230 196  0 39 60 240  0.15  0.16  0.5  5.4  121 133 143  0 0 0  0.4  1  0.75  0.32  1  0.93  16  128  1.46  256  0.1  217  6.25  4.5  4.75  11  0  5  0.308  0.811765 0.811765 0.811765  0.784314 0.827451 0.870588  0.85098 0.85098 0.85098  0.921569 0.921569 0.921569  1  10.99  0.055  -1  -1  0.360784 0.360784 0.360784  0.102  1.243  0  0.132  -1 0.757  8  0.667  1.7  -1  0.354  0.4  0.124  0.425  1.265  0.769 0.769 0.769  0.192  0.741176 0.741176 0.741176  0  5  0  0.685  0  24 25 26  0  0  -1  -1  0  0.062  1000  -1  -1  0.25  0.725  1  0.95  1  1  1  0.925  2  1  1
//7PM
186 196 222  110 193 255  255 230 222  -1  0  58  240 240 240  255 255 255  -1  -1  -1  -1  1  1500  100  58 72 40  199 230 196  0 39 60 240  0.15  0.16  0.5  5.4  121 142 143  0 0 0  0.4  1  0.76  0.32  1  0.93  16  128  1.46  256  0.1  217  6.25  4.5  4.75  7.25  0  5  0.308  0.811765 0.811765 0.811765  0.784314 0.827451 0.870588  0.721569 0.786274 0.85098  0.847059 0.885804 0.921569  1  10.99  0.055  -1  -1  0.360784 0.360784 0.360784  0.102  1.243  0  0.132  -1 0.757  8  0.667  1.7  -1  0.354  0.4  0.124  0.425  1.265  0.769 0.769 0.769  0.192  0.741176 0.741176 0.741176  0  5  0  0.685  0  24 25 26  0  0  -1  -1  0  0.062  1000  -1  -1  0.25  0.725  1  0.85  1  1  1  0.925  2  1  1
//8PM
152 163 183  146 168 186  0 0 0  -1  0  200  153 171 209  255 255 255  -1  -1  -1  -1  1.4  1500  100.83  58 72 40  199 230 196  0 39 60 240  0.18  0.2  0.5  5.41  117 130 125  0 0 0  0.69  1  0.74  0.32  1  1.01  15.93  127.6  1.48  255.36  0.1  217  0  4.09  4.1  5  13  5  0.872  0.831373 0.831373 0.831373  0.784314 0.827451 0.870588  0.721569 0.786274 0.85098  0.847059 0.884314 0.921569  1  10.99  0.055  -1  -1  0.360784 0.360784 0.360784  0.102  1.243  0  0.132  -1 0.757  8  0.667  1.7  -1  0.354  0.4  0.124  0.425  1.265  0.769 0.769 0.769  0.192  0.65098 0.618824 0.603922  0  5  0  0.685  0  24 25 26  0  0  -1  -1  0  0.055  1000  -1  -1  0.275  1  1.65  0.95  1  1  1  0.825  2  1  1
//9PM
167 171 200  130 161 217  0 0 0  -1  0  200  153 170 209  255 255 255  -1  -1  -1  -1  1  1500  100.83  58 72 40  199 230 196  0 39 60 240  0.15  0.2  0.5  5.41  117 130 125  0 0 0  0.4  1  0.72  0.32  1  0.93  15.93  127.6  1.48  255.36  0.1  217  0  4.49  4.5  3  13  5  0.477  0.831373 0.831373 0.831373  0.784314 0.827451 0.870588  0.721569 0.786274 0.85098  0.847059 0.886088 0.921569  1  10.99  0.055  -1  -1  0.360784 0.360784 0.360784  0.102  1.243  0  0.132  -1 0.757  8  0.667  1.7  -1  0.354  0.4  0.124  0.425  1.265  0.769 0.769 0.769  0.192  0.74902 0.662549 0.556863  0  5  0  0.685  0  24 25 26  0  0  -1  -1  0  0.055  1000  -1  -1  0.275  1  2.8  0.9  1  1  1  0.825  2  1  1
//10PM
156 164 187  194 179 142  0 0 0  -1  0  200  153 187 209  255 255 255  -1  -1  -1  -1  1.4  1500  100.83  58 72 40  199 230 196  0 39 60 240  0.15  0.2  0.5  5.41  117 130 125  0 0 0  0.69  1  0.72  0.32  1  0.93  15.93  127.6  1.48  255.36  0.1  217  0  4.19  4.2  3  13  5  0.872  0.831373 0.831373 0.831373  0.870588 0.870588 0.870588  0.85098 0.85098 0.85098  0.921569 0.921569 0.921569  1  10.99  0.055  -1  -1  0.360784 0.360784 0.360784  0.102  1.243  0  0.132  -1 0.757  8  0.667  1.7  -1  0.354  0.4  0.124  0.425  1.265  0.769 0.769 0.769  0.192  0.74902 0.74902 0.74902  0  5  0  0.685  0  24 25 26  0  0  -1  -1  0  0.055  1000  -1  -1  0.275  1  3  0.95  1  1  1  0.825  2  1  1

//FOGGY
//Midnight
167 179 237  241 244 252  222 222 222  -1  0  218  224 224 224  255 255 255  -1  -1  -1  -1  1.2  1500  79  119 120 120  105 105 105  36 49 56 239  0.23  0  0.65  2.18  96 111 120  0 0 0  0.55  1  0.85  1  1  2  16  128  1.46  256  0.1  77  1.3  2.53  2.24  2.5  13  -8  0.527  1 1 1  1 1 1  1 1 1  0.309804 0.329225 0.360784  1  6.613  0.215  -1  -1  0.478431 0.478431 0.478431  0.368  0  0  0.132  -1 0.488  8  0.667  0.365  -1  0.026  0.4  0.846  0  1.265  0.8 0.8 0.8  0  0.568627 0.568627 0.568627  0  6  0  0.685  0  24 25 26  0  0  -1  -1  0  0.123  1000  -1  -1  0.4  1  1.9  0.8  2  1  1  0.9  0.2  2  1
//5AM
167 177 237  241 244 252  222 222 222  -1  0  218  177 186 224  255 255 255  -1  -1  -1  -1  1.2  1500  79  119 120 120  105 105 105  0 39 60 239  0.23  0  0.65  2.18  96 111 120  0 0 0  0.55  1  0.85  1  1  2  16  128  1.46  256  0.1  77  1.3  2.53  2.24  2.5  13  -8  0.527  0.607843 0.709647 0.839216  1 0.884163 0.811765  0.698039 0.840138 1  0.360784 0.360784 0.360784  1  6.613  0.215  -1  -1  0.478431 0.478431 0.478431  0.368  0  0  0.132  -1 0.488  8  0.667  0.365  -1  0.026  0.4  0.846  0  1.265  0.8 0.8 0.8  0  0.568627 0.568627 0.568627  0  6  0  0.685  0  24 25 26  0  0  -1  -1  0  0.148  1000  -1  -1  0.4  1  2.4  0.75  2  1  1  0.9  0.2  2  1
//6AM
167 179 237  241 246 252  222 222 222  -1  0  218  177 192 224  255 255 255  -1  -1  -1  -1  1.5  1500  79  119 120 120  105 105 105  31 31 31 239  0.23  0  0.65  2.18  96 111 120  0 0 0  0.55  1  0.85  1  1  1.49  16  128  1.46  256  0.1  77  1.3  2.53  2.24  2.5  13  -8  0.527  0.678431 0.795365 1  1 0.913122 0.811765  0.698039 0.835294 1  0.309804 0.32808 0.360784  1  6.613  0.215  -1  -1  0.478431 0.478431 0.478431  0.368  0  0  0.132  -1 0.488  8  0.667  0.365  -1  0.026  0.4  0.846  0  1.265  0.8 0.8 0.8  0  0.568627 0.568627 0.568627  0  6  0  0.685  0  24 25 26  0  0  -1  -1  0  0.149  1000  -1  -1  0.4  1  2.35  0.85  2  1  1  0.9  0.2  2  1
//7AM
166 211 255  255 216 117  255 252 242  -1  0  161  107 123 150  255 255 255  -1  -1  -1  -1  2.4  1500  73  119 120 120  105 105 105  0 39 60 239  0.1  0  0.61  2.88  109 121 122  0 0 0  0.36  1  0.76  1  1  0.85  16  128  1.46  256  0.1  77  15  9.5  8.5  14.5  13  -10  0.5  0.678431 0.785621 1  0.870588 0.766503 0.486275  0.698039 0.864794 1  0.360784 0.360784 0.360784  1  1.86  0.203  -1  -1  0.478431 0.478431 0.478431  0.396  0  0  0.132  -1 0.757  8  0.667  1.7  -1  0.088  0.4  0.124  0  1.265  0.8 0.8 0.8  0.14  0.952941 0.879142 0.760784  0.164  5  0  0.685  0  24 25 26  0  0  -1  -1  0  0.101  25  -1  -1  0.3  1  1  1.2  2  1  1  0  2  1  1
//9AM
166 214 255  252 254 255  255 255 255  -1  0  196  117 123 143  255 255 255  -1  -1  -1  -1  2.4  1500  73  119 120 120  105 105 105  0 39 60 239  0.14  0  0.61  2.88  117 117 117  0 0 0  0.38  1  1.25  1  1  0.6  16  128  1.46  256  0.1  77  6.25  9.5  8.5  19.5  4.5  -10  0.5  0.678431 0.803486 1  0.486275 0.694444 0.870588  0.698039 0.861601 1  0.360784 0.360784 0.360784  1  1.86  0.203  -1  -1  0.478431 0.478431 0.478431  0.396  0  0  0.132  -1 0.757  8  0.667  1.7  -1  0.088  0.4  0.124  0  1.265  0.8 0.8 0.8  0.14  0.952941 0.889331 0.760784  0.164  5  0  0.685  0  24 25 26  0  0  -1  -1  0  0.119  25  -1  -1  0.3  1  1  1.05  2  1  1  0  2  1  1
//Midday
166 204 255  252 254 255  255 255 255  -1  0  196  117 128 143  255 255 255  -1  -1  -1  -1  2.4  1500  73  119 120 120  105 105 105  0 39 60 239  0.14  0  0.61  2.88  117 117 117  0 0 0  0.38  1  1.13  1  1  0.6  16  128  1.46  256  0.1  77  6.25  9.5  8.5  19.5  4.5  -10  0.5  1 1 1  0.486275 0.678431 0.870588  0.698039 0.84902 1  0.360784 0.360784 0.360784  1  1.86  0.203  -1  -1  0.478431 0.478431 0.478431  0.396  0  0  0.132  -1 0.757  8  0.667  1.7  -1  0.088  0.4  0.124  0  1.265  0.8 0.8 0.8  0.14  0.952941 0.952941 0.952941  0.164  5  0  0.685  0  24 25 26  0  0  -1  -1  0  0.119  25  -1  -1  0.3  1  1  1  2  1  1  0  2  1  1
//6PM
166 201 255  117 172 255  255 164 117  -1  0  161  0 74 255  255 255 255  -1  -1  -1  -1  1  1500  73  119 120 120  105 105 105  0 39 60 239  0.14  0  0.61  2.88  109 122 122  0 0 0  0.16  1  1  0  1  0.85  16  128  1.46  256  0.1  77  20.75  9.5  8.5  14.5  13  -10  0.5  0.678431 0.864603 1  0.486275 0.678431 0.870588  1 0.813355 0.698039  0.360784 0.360784 0.360784  1  1.86  0.203  -1  -1  0.478431 0.478431 0.478431  0.396  0  0  0.132  -1 0.757  8  0.667  1.7  -1  0.088  0.4  0.124  0  1.265  0.8 0.8 0.8  0.14  0.952941 0.846871 0.760784  0.164  6  0  0.685  0  24 25 26  0  0  -1  -1  0  0.02  25  -1  -1  0.3  1  1  1  1  1  1  0  2  1  1
//7PM
160 186 255  252 254 255  255 255 255  -1  0  182  131 148 230  255 255 255  -1  -1  -1  -1  1  1500  73  119 120 120  105 105 105  0 39 60 239  0.34  0  0.61  2.88  117 117 117  0 0 0  0.38  1  0.89  1  1  1.11  16  128  1.46  256  0.1  77  1.5  2  2  3.5  13  -10  0.5  0.678431 0.860188 1  0.486275 0.678431 0.870588  1 0.774803 0.694118  0.309804 0.336314 0.360784  1  1.86  0.203  -1  -1  0.478431 0.478431 0.478431  0.396  0  0  0.132  -1 0.757  8  0.667  1.7  -1  0.088  0.4  0.124  0  1.265  0.8 0.8 0.8  0.14  0.921569 0.921569 0.921569  0.164  6  0  0.685  0  24 25 26  0  0  -1  -1  0  0.124  25  -1  -1  0.3  1  1  0.5  1  1  1  0  2  1  1
//8PM
166 176 250  249 252 254  246 246 246  -1  0  182  131 147 230  255 255 255  -1  -1  -1  -1  1.2  1500  73  119 120 120  105 105 105  0 39 60 239  0.29  0  0.61  2.19  99 105 97  0 0 0  0.39  1  0.72  1  1  1.49  16  128  1.46  256  0.1  77  1.45  2.14  2.07  3.3  5  0  0.527  0.435294 0.477353 0.521569  0.811765 0.905882 1  1 0.798693 0.698039  0.309804 0.335294 0.360784  1  6.613  0.215  -1  -1  0.478431 0.478431 0.478431  0.368  0  0  0.132  -1 0.488  8  0.667  0.365  -1  0.026  0.4  0.846  0  1.265  0.8 0.8 0.8  0  0.458824 0.458824 0.458824  0  6  0  0.685  0  24 25 26  0  0  -1  -1  0  0.09  1000  -1  -1  0.3  1  2.1  0.75  2  1  1  0.4  2  1  1
//9PM
167 176 237  241 245 252  222 222 222  -1  0  218  177 187 224  255 255 255  -1  -1  -1  -1  1.2  1500  73  119 120 120  105 105 105  0 39 60 239  0.23  0  0.65  2.7  107 120 103  0 0 0  0.43  1  0.9  1  1  1.8  16  128  1.46  256  0.1  77  1.32  2.53  2.24  2.7  13  -10  0.5  0.678431 0.816247 1  0.811765 0.905882 1  1 0.827854 0.698039  0.309804 0.336508 0.360784  1  6.613  0.215  -1  -1  0.478431 0.478431 0.478431  0.368  0  0  0.132  -1 0.488  8  0.667  0.365  -1  0.026  0.4  0.846  0  1.265  0.8 0.8 0.8  0  0.568627 0.568627 0.568627  0  6  0  0.685  0  24 25 26  0  0  -1  -1  0  0  1000  -1  -1  0.3  1  2  0.8  2  1  1  0.4  2  1  1
//10PM
174 177 199  214 226 249  138 138 138  -1  0  218  177 187 224  255 255 255  -1  -1  -1  -1  1.2  1500  73  119 120 120  105 105 105  0 39 60 239  0.23  0  0.65  2.49  107 120 103  0 0 0  0.57  1  0.9  1  1  1.65  16  128  1.46  256  0.1  77  0.82  4.01  2.91  2.7  13  -10  0.5  0.678431 0.816247 1  0.811765 0.905882 1  1 0.827854 0.698039  0.309804 0.336508 0.360784  1  6.613  0.215  -1  -1  0.478431 0.478431 0.478431  0.368  0  0  0.132  -1 0.488  8  0.667  0.365  -1  0.026  0.4  0.846  0  1.265  0.8 0.8 0.8  0  0.568627 0.568627 0.568627  0  6  0  0.685  0  24 25 26  0  0  -1  -1  0  0  1000  -1  -1  0.3  1  1.825  0.85  2  1  1  0.4  2  1  1

//LIGHTNING
//Midnight
145 155 205  185 172 158  0 0 0  -1  0  79  68 87 74  255 255 255  -1  -1  -1  -1  1  1500  73  119 120 120  105 105 105  76 76 76 125  0.17  0  0.61  2.88  104 120 99  0 0 0  0.86  1  0.92  0.82  1  0.96  16  128  1.46  256  0.11  77  0  5.02  5.53  4.5  13  -12  1.393  0.29 0.306 0.322  0.871 0.486 0.486  1 0.894 0.698  0.361 0.31 0.31  1  1.298  0.155  -1  -1  0.2 0.2 0.2  0.102  1.243  0  0.132  -1 0.757  8  0.837  1.7  -1  0.354  0.4  1.112  0.842  1.265  0 0 0  0.925  0.89 0.827 0.8  0.164  5  0  0.685  0  24 25 26  0  0  -1  -1  0  0.419  130.75  -1  -1  0  0.3  2.25  0.85  1  1  1  0.75  2  1  1
//5AM
147 152 192  167 160 169  0 0 0  -1  0  79  73 94 80  255 255 255  -1  -1  -1  -1  1  1500  73  119 120 120  105 105 105  76 76 76 125  0.17  0  0.61  2.88  104 120 99  0 0 0  0.86  1  0.92  0.82  1  0.96  16  128  1.46  256  0.11  77  0  4.51  4.76  4.5  13  -7  1.393  0.29 0.306 0.322  0.871 0.486 0.486  1 0.894 0.698  0.361 0.31 0.31  1  1.298  0.155  -1  -1  0.2 0.2 0.2  0.102  1.243  0  0.132  -1 0.757  8  0.837  1.7  -1  0.354  0.4  1.112  0.842  1.265  0 0 0  0.925  0.89 0.827 0.8  0.164  5  0  0.685  0  24 25 26  0  0  -1  -1  0  0.419  130.75  -1  -1  0  0.3  2.575  0.75  1  1  1  0.75  2  1  1
//6AM
250 253 255  117 172 255  255 255 255  -1  0  132  56 128 117  255 255 255  -1  -1  -1  -1  1  1500  40.5  119 120 120  105 105 105  48 48 48 239  0.2  0.22  0.5  5.03  130 120 104  0 0 0  0.41  1  0.96  1  1  1  16  128  1.46  256  0.1  77  7  4.2  7  6.5  0  0  0.96  0.435 0.482 0.522  0.812 0.906 1  1 0.894 0.698  0.361 0.31 0.31  1  6.613  0.215  -1  -1  0.478 0.478 0.478  0.368  0.998  0  0.132  -1 0.488  8  0.667  0.365  -1  0.026  0.4  0.846  0.89  1.265  0.8 0.8 0.8  0  0.569 0.569 0.569  0  8  0  0.685  0  24 25 26  0  0  -1  -1  0  0.14  1000  -1  -1  0  1  1.75  0.9  1  1  1  0.725  2  1  1
//7AM
229 205 174  166 192 206  96 96 96  -1  0  132  111 126 130  255 255 255  -1  -1  -1  -1  1  1500  40.5  119 120 120  105 105 105  0 40 60 239  0.22  0.22  0.5  3.52  92 112 120  0 0 0  0.65  1  0.88  1  1  1.23  16  128  1.46  256  0.1  77  2.93  6.3  6.2  6.5  0  0  1.045  0.435 0.482 0.522  0.812 0.906 1  1 0.894 0.698  0.361 0.31 0.31  1  6.613  0.215  -1  -1  0.478 0.478 0.478  0.368  0.998  0  0.132  -1 0.488  8  0.667  0.365  -1  0.026  0.4  0.846  0.89  1.265  0.8 0.8 0.8  0  0.569 0.569 0.569  0  8  0  0.685  0  24 25 26  0  0  -1  -1  0  0.314  1000  -1  -1  0  1  1  0.9  1  1  1  0.725  2  1  1
//9AM
219 182 136  189 201 183  48 48 48  -1  0  132  111 126 130  255 255 255  -1  -1  -1  -1  1  1500  40.5  119 120 120  105 105 105  41 41 41 239  0.26  0.22  0.5  2.92  99 117 130  0 0 0  0.75  1  1.09  1  1  1.26  16  128  1.46  256  0.1  77  1.49  7.03  5.82  10.75  0  0  1.045  0.435 0.482 0.522  0.812 0.906 1  1 0.894 0.698  0.361 0.31 0.31  1  6.613  0.215  -1  -1  0.478 0.478 0.478  0.368  0.998  0  0.132  -1 0.488  8  0.667  0.365  -1  0.026  0.4  0.846  0.89  1.265  0.8 0.8 0.8  0  0.569 0.569 0.569  0  8  0  0.685  0  24 25 26  0  0  -1  -1  0  0.314  1000  -1  -1  0  1  1  0.85  1  1  1  0.725  2  1  1
//Midday
250 253 255  117 172 255  255 255 255  -1  0  132  111 126 130  255 255 255  -1  -1  -1  -1  1  1500  40.5  119 120 120  105 105 105  48 48 48 239  0.28  0.22  0.5  5.03  104 117 130  0 0 0  0.41  1  0.9  1  1  0.85  16  128  1.46  256  0.1  77  7  4.2  7  7.25  0  0  0.6  0.435 0.482 0.522  0.812 0.906 1  1 0.894 0.698  0.361 0.31 0.31  1  6.613  0.215  -1  -1  0.478 0.478 0.478  0.368  0.998  0  0.132  -1 0.488  8  0.667  0.365  -1  0.026  0.4  0.846  0.89  1.265  0.8 0.8 0.8  0  0.569 0.569 0.569  0  8  0  0.685  0  24 25 26  0  0  -1  -1  0  0.163  1000  -1  -1  0  1  1  0.75  1  1  1  0.725  2  1  1
//6PM
250 253 255  117 172 255  255 255 255  -1  0  132  111 126 130  255 255 255  -1  -1  -1  -1  1  1500  40.5  119 120 120  105 105 105  42 43 43 239  0.28  0.22  0.5  5.03  104 117 130  0 0 0  0.57  1  0.88  1  1  1.01  16  128  1.46  256  0.1  77  7  4.2  7  6.5  0  0  0.6  0.435 0.482 0.522  0.812 0.906 1  1 0.894 0.698  0.361 0.31 0.31  1  6.613  0.215  -1  -1  0.478 0.478 0.478  0.368  0.998  0  0.132  -1 0.488  8  0.667  0.365  -1  0.026  0.4  0.846  0.89  1.265  0.8 0.8 0.8  0  0.569 0.569 0.569  0  8  0  0.685  0  24 25 26  0  0  -1  -1  0  0.22  1000  -1  -1  0  1  1  0.7  1  1  1  0.725  2  1  1
//7PM
250 253 255  117 172 255  255 255 255  -1  0  132  111 126 130  255 255 255  -1  -1  -1  -1  1  1500  40.5  119 120 120  105 105 105  0 40 60 239  0.28  0.22  0.5  5.03  124 130 104  0 0 0  0.41  1  0.99  1  1  0.85  16  128  1.46  256  0.1  77  7.25  4.75  6.5  6.5  0  -2  0.6  0.435 0.482 0.522  0.812 0.906 1  1 0.894 0.698  0.361 0.31 0.31  1  6.613  0.215  -1  -1  0.478 0.478 0.478  0.368  0.998  0  0.132  -1 0.488  8  0.667  0.365  -1  0.026  0.4  0.846  0.89  1.265  0.8 0.8 0.8  0  0.569 0.569 0.569  0  8  0  0.685  0  24 25 26  0  0  -1  -1  0  0.111  1000  -1  -1  0  1  2.025  0.65  1  1  1  0.725  2  1  1
//8PM
250 253 255  117 172 255  255 255 255  -1  0  132  111 126 130  255 255 255  -1  -1  -1  -1  1  1500  40.5  119 120 120  105 105 105  25 25 26 239  0.14  0.22  0.5  5.03  104 124 130  0 0 0  0.41  1  1.09  1  1  0.85  16  128  1.46  256  0.1  77  15.5  9.5  13.75  13  0  0  0.6  0.435 0.482 0.522  0.812 0.906 1  1 0.894 0.698  0.361 0.31 0.31  1  6.613  0.215  -1  -1  0.478 0.478 0.478  0.368  0.998  0  0.132  -1 0.488  8  0.667  0.365  -1  0.026  0.4  0.846  0.89  1.265  0.329 0.329 0.329  0  0.569 0.569 0.569  0  8  0  0.685  0  24 25 26  0  0  -1  -1  0  0.17  1000  -1  -1  0  0.725  2.725  1.05  1  1  1  0.725  2  1  1
//9PM
145 155 205  185 172 158  0 0 0  -1  0  79  48 120 72  255 255 255  -1  -1  -1  -1  1  1500  73  119 120 120  105 105 105  76 76 76 125  0.17  0  0.61  2.88  104 120 99  0 0 0  0.86  1  0.92  0.82  1  0.96  16  128  1.46  256  0.11  77  0  5.02  5.53  4.5  13  10  1.393  0.29 0.306 0.322  0.871 0.486 0.486  1 0.894 0.698  0.361 0.31 0.31  1  1.298  0.155  -1  -1  0.2 0.2 0.2  0.102  1.243  0  0.132  -1 0.757  8  0.837  1.7  -1  0.354  0.4  1.112  0.842  1.265  0 0 0  0.925  0.89 0.827 0.8  0.164  5  0  0.685  0  24 25 26  0  0  -1  -1  0  0.419  130.75  -1  -1  -0  0.225  2.125  0.75  1  1  1  0.75  2  1  1
//10PM
175 142 119  216 200 144  0 0 0  -1  0  79  79 120 93  255 255 255  -1  -1  -1  -1  1  1500  73  119 120 120  105 105 105  76 76 76 125  0.17  0  0.61  2.26  104 120 99  0 0 0  0.89  1  0.92  0.82  1  1.27  16  128  1.46  256  0.11  77  0  7.07  5.23  4.5  13  10  1.393  0.29 0.306 0.322  0.871 0.486 0.486  1 0.894 0.698  0.361 0.31 0.31  1  1.298  0.155  -1  -1  0.2 0.2 0.2  0.102  1.243  0  0.132  -1 0.757  8  0.837  1.7  -1  0.354  0.4  1.112  0.842  1.265  0 0 0  0.925  0.89 0.827 0.8  0.164  5  0  0.685  0  24 25 26  0  0  -1  -1  0  0.419  130.75  -1  -1  0  0.225  2.5  0.8  1  1  1  0.75  2  1  1

//TEMP
//Midnight
153 148 169  158 156 174  210 252 252  -1  0  79  73 127 171  255 255 255  -1  -1  -1  -1  1  1382.82  73  119 120 120  105 105 105  76 76 76 125  0.17  0  0.61  2.7  99 112 120  0 0 0  0.87  1  0.92  0.82  1  1.03  16  128  1.46  256  0.11  77  2.75  4.45  4.17  4.5  13  10  1.393  0.29 0.306 0.322  0.871 0.486 0.486  1 0.894 0.698  0.361 0.31 0.31  1  1.298  0.155  -1  -1  0.2 0.2 0.2  0.102  1.243  0  0.132  -1 0.757  8  0.837  1.7  -1  0.354  0.4  1.112  0.842  1.265  0 0 0  0.925  0.89 0.827 0.8  0.164  5  0  0.685  0  24 25 26  0  0  -1  -1  0  0.419  130.75  -1  -1  0  0.3  1  0.975  1  1  1  0.75  2  1  1
//5AM
235 160 21  30 183 217  242 255 217  -1  0  0  0 200 255  0 0 0  -1  -1  -1  -1  1  1200  50  35 9 10  26 30 36  0 0 0 50  0.26  1.86  0.41  10  119 141 145  0 0 0  0.42  1  0.72  0.62  1  1.5  15  348.75  0.47  176.13  0.1  0  0  1.6  1.85  0.05  0  0  0.565  0.678 0.839 1  0.812 0.906 1  1 0.894 0.698  0.361 0.31 0.31  1  6.613  0.215  -1  -1  0.478 0.478 0.478  0.368  0.998  0  0.132  -1 0.757  8  0.667  1.7  -1  0.088  0.4  0.124  0.89  1.265  0.8 0.8 0.8  0.14  0.953 0.761 0.761  0.164  100  0  0.685  0  24 25 26  0  0  -1  -1  0  0  1000  -1  -1  0.475  1  4.65  0.775  1  1  1  0  2  1  1
//6AM
255 227 166  250 136 42  255 179 42  -1  0  24  255 140 140  255 255 255  -1  -1  -1  -1  1  1500  73  119 120 120  105 105 105  61 31 0 239  0.14  0  0.61  2.88  122 110 94  0 0 0  0.66  1  0.71  0.82  1  1.18  16  128  1.46  256  0.17  77  20.75  4  4.5  12.75  13  10  0.032  0.678 0.839 1  0.871 0.486 0.486  1 0.894 0.698  1 0.882 0.588  1  1.86  0.203  -1  -1  0.478 0.478 0.478  0.396  1.296  0.252  0.132  -1 0.757  8  0.667  1.7  -1  0.088  0.4  0.124  0.89  1.265  0.8 0.8 0.8  0.14  0.953 0.761 0.761  0.164  25  0  0.685  0  24 25 26  0  0  -1  -1  0  0  1000  -1  -1  0.225  1  1.05  1  1  1  1  0.8  2  1  1
//7AM
255 255 255  255 254 255  255 255 255  -1  0  0  156 209 255  255 255 255  -1  -1  -1  -1  1  1200  100  120 120 120  105 105 105  0 40 60 240  0.11  0.22  0.5  0.63  128 128 128  0 0 0  0.8  1  0.72  1  1  0.85  16  128  1.46  256  0.08  77  46  2  10.25  14.5  13  15  1.5  0.678 0.839 1  0.922 0.961 1  1 0.894 0.698  0.361 0.31 0.31  1  2.175  0.43  -1  -1  0.478 0.478 0.478  0.345  0  0  0.132  -1 0.757  8  0  1.572  -1  0.088  0.4  0.124  0  1.265  0.8 0.8 0.8  0.295  0.761 0.737 0.722  0.274  100  0  0.685  0  24 25 26  0  0  -1  -1  0.062  0.259  1000  -1  -1  0  1  1  1  1  1  1  0.875  2  1  1
//9AM
255 255 255  255 254 255  255 255 255  -1  0  0  156 209 255  255 255 255  -1  -1  -1  -1  1  1200  100  120 120 120  105 105 105  0 40 60 240  0.11  0.22  0.5  5.03  120 114 90  0 0 0  0.8  1  0.72  1  1  0.85  16  128  1.46  256  0.08  77  0  22  22  14.5  13  15  0.03  0.678 0.839 1  0.922 0.961 1  1 0.894 0.698  0.361 0.31 0.31  1  2.175  0.43  -1  -1  0.478 0.478 0.478  0.345  0  0  0.132  -1 0.757  8  0  1.572  -1  0.088  0.4  0.124  0  1.265  0.8 0.8 0.8  0.295  0.761 0.737 0.722  0.274  100  0  0.685  0  24 25 26  0  0  -1  -1  0.062  0.259  1000  -1  -1  0  1  1  1  1  1  1  0  2  1  1
//Midday
255 242 242  247 240 240  255 254 252  -1  0  0  65 158 240  255 255 255  -1  -1  -1  -1  1  1200  73  119 120 120  105 105 105  0 40 60 239  0.22  0.48  0.48  0.17  128 128 128  0 0 0  1  1  1  1  1  1  16  128  0.28  256  0  77  3.5  3.5  3.75  3.25  13  10  0.5  0.282 0.471 0.659  0.871 0.486 0.486  1 0.894 0.698  0.361 0.31 0.31  1  1.298  0.165  -1  -1  0.451 0.431 0.427  0.303  0.438  0  0.132  -1 0.757  8  0.667  1.7  -1  0.645  0.4  0.124  0.425  1.265  0 0 0  0.14  0.941 0.631 0.49  0.164  100  0  0.685  0  24 25 26  0  0  -1  -1  0.032  0  1000  -1  -1  0.325  1  1  1  1  1  1  1  2  1  1
//6PM
166 230 255  255 195 117  250 228 117  -1  0  0  155 209 255  255 255 255  -1  -1  -1  -1  1  1200  73  119 120 120  105 105 105  0 40 60 239  0.15  0  0.61  2.88  115 122 108  0 0 0  0.66  1  0.71  0.82  1  0.85  16  128  1.46  256  0.08  77  20.75  9.5  8.5  14.5  13  10  0.5  0.678 0.839 1  0.871 0.486 0.486  1 0.894 0.698  0.361 0.31 0.31  1  1.86  0.203  -1  -1  0.451 0.431 0.427  0.396  1.109  0  0.132  -1 0.757  8  0.667  1.7  -1  0.754  0.4  0.124  0.89  1.265  0 0 0  0.14  0.953 0.761 0.761  0.164  100  0  0.685  0  24 25 26  0  0  -1  -1  0  0  1000  -1  -1  0  1  1  1  1  1  1  0  2  1  1
//7PM
250 253 255  117 172 255  255 232 255  -1  0  0  155 209 255  255 255 255  -1  -1  -1  -1  1  1500  73  119 120 120  105 105 105  0 40 60 239  0.11  0  0.5  1.3  118 140 134  0 0 0  0.36  1  0.72  1  1  1  16  128  1.46  256  0.08  77  15.5  9.5  13.75  14.5  13  0  0.46  0.678 0.839 1  0.812 0.906 1  1 0.894 0.698  0.361 0.31 0.31  1  6.613  0.215  -1  -1  0.478 0.478 0.478  0.368  0.998  0  0.132  -1 0.757  8  0.667  1.7  -1  0.088  0.4  0.124  0.89  1.265  0.8 0.8 0.8  0.14  0.953 0.761 0.761  0.164  8  0  0.685  0  24 25 26  0  0  -1  -1  0  0  1000  -1  -1  0  1  1  1  1  1  1  0.7  2  1  1
//8PM
255 227 166  250 136 42  255 134 42  -1  0  24  255 140 140  255 255 255  -1  -1  -1  -1  1  1500  73  119 120 120  105 105 105  61 31 0 239  0.14  0  0.61  2.88  122 110 94  0 0 0  0.66  1  0.71  0.82  1  1.18  16  128  1.46  256  0.17  77  20.75  4  4.5  10  13  10  0.4  1 0.839 0.678  0.871 0.486 0.486  1 0.894 0.698  1 0.882 0.588  1  1.86  0.203  -1  -1  0.478 0.478 0.478  0.396  1.296  0.252  0.132  -1 0.757  8  0.667  1.7  -1  0.088  0.4  0.124  0.89  1.265  0.8 0.8 0.8  0.14  0.949 0.906 0.761  0.164  100  0  0.685  0  24 25 26  0  0  -1  -1  0  0  1000  -1  -1  0.225  1  1.05  1  1  1  1  0  2  1  1
//9PM
255 227 166  250 136 42  255 134 42  -1  0  24  255 140 140  255 255 255  -1  -1  -1  -1  1  1500  73  119 120 120  105 105 105  61 31 0 239  0.14  0  0.61  2.88  122 110 94  0 0 0  0.66  1  0.71  0.82  1  1.18  16  128  1.46  256  0.17  77  20.75  4  4.5  10  13  10  0.4  1 0.839 0.678  0.871 0.486 0.486  1 0.894 0.698  1 0.882 0.588  1  1.86  0.203  -1  -1  0.478 0.478 0.478  0.396  1.296  0.252  0.132  -1 0.757  8  0.667  1.7  -1  0.088  0.4  0.124  0.89  1.265  0.8 0.8 0.8  0.14  0.949 0.906 0.761  0.164  100  0  0.685  0  24 25 26  0  0  -1  -1  0  0  1000  -1  -1  0.225  1  1.05  1  1  1  1  0  2  1  1
//10PM
0 180 240  0 180 240  0 46 240  -1  0  0  0 0 0  255 128 0  -1  -1  -1  -1  1  600  10  70 27 10  15 11 34  15 18 20 240  3.66  0.77  0.19  1.25  128 128 128  0 0 0  0.85  1  0.83  1  1  1  16  128  3.49  256  0.2  0  4.5  1  1  4  1  0  2  0 0.5 1  0 0.5 1  0 0.5 1  1 0.5 0  1  11  1  -1  -1  0.8 0.8 0.8  1  0.5  0.1  0.312  -1 0.5  8  0.312  1.7  -1  0.088  0.3  0  1.58  1.2  0.8 0.8 0.8  0  0.952 0.762 0.762  0  1.7  0.315  0.685  0.041  24 25 26  0.143  0  -1  -1  0  2  1000  -1  -1  0  1  1  1  1  1  1  0  2  1  1
