////////// EXTRASUNNY
//Amb0            Amb1            Dir            Sky top        Sky bot        SunCore        SunCorona     SunSz  SprBght FarClp   FogSt   LowCloudsRGB  BottomCloudRGB  WaterRGBA      Exposure BPThreshold MidGreyValue IntensityBloom ColourCorrectRGB ColourAddRGB Desaturation Contrast Gamma DesaturationFar ContrastFar GammaFar DepthFxNear DepthFxFar LumMin LumMax LumDelay CloudAlpha DirLightMult AmbLightMult0 AmbLightMult1 SkyLightMult SunMult Temperature   Far DOF   Near DOF   Near Blur DOF   Mid Blur DOF   Far Blur DOF    Water Reflection    Particle HDR    Sprite Size		Global sun multiplier ambient occlusion scaler
//Midnight
106 136 255   92 154 255  155 163 255  0 15  116   0 123 255    0   0   0    0   0   0  1.2 1.2 1500.00  50.00   35   9  10   26  30  36  45  48  55 154  2.69 0.30 0.71 4.94  126 154  88  204  52  41  0.34 1 0.78 0.83 1.00 1.19 15.75 182.64 19.88 256.00 0.10   0  1.00  3.51  3.57  1.84 0.00   0 1.389  0.341176 0.392157 0.498039  0.843137 0.901961 1.000000  0.592157 0.690196 0.843137  0.301961 0.325490 0.360784  1  4.976 0.162 1 0  0.435294 0.435294 0.435294  0.603 0.998 0.265 0.132 0.68 0.757 8.000 0.667 1.700 1 0.088 0.675 0.124 0.890 1.265  0.666 0.666 0.666  0.063  0.819608 0.819608 0.819608  0.624  6.900 0.320 0.180 0.045  25.75 25 26  0.199 0.096 0.98 1 0.000 0.000 1000.000 0 0 0.000 0.000 3.498 0.750 1 5.434783 1.000 0.800 2.0 1 1
//5AM
120 144 255   69 147 255  228 227 255  0 24  100   0 137 255   41  39  39   41  39  39  1.2 1.2 1500.00  54.00   35   9  10   26  30  36  45  45  45 168  2.28 0.25 0.69 1.23  133 142 116  204  83  74  0.51 1 0.85 0.83 1.00 1.35 15.79 174.12 16.93 256.00 0.10   0  2.50  3.69  3.85  2.75 2.00   1 1.080  0.411765 0.462745 0.576471  0.803922 0.847059 0.925490  0.623529 0.729412 0.886275  0.376471 0.415686 0.474510  1  4.500 0.168 1 0  0.443137 0.443137 0.443137  0.569 1.044 0.260 0.132 0.68 0.757 8.000 0.667 1.700 1 0.088 0.631 0.124 0.892 1.265  0.686 0.686 0.686  0.075  0.815686 0.815686 0.815686  0.550  9.697 0.484 0.165 0.045  25.75 25 26  0.199 0.096 0.98 1 0.000 0.000 1000.000 0 0 0.141 0.428 1.000 1.000 1 3.636364 1.000 0.733 2.0 1 1
//6AM
213 195 255   81 123 223  243 244 255  0 34   21 230 230 255  249 237 237  249 237 237  1.0 1.0 1500.00  73.97  113 115 113  106 105 102  29  34  66 239  0.24 0.01 0.60 1.55  155 117  88  128  64  64  0.65 1 0.71 0.82 1.00 1.17 16.01 131.49  2.19 254.89 0.17  71  7.79  1.69  3.25  5.35 12.50   9 0.379  0.772549 0.831373 0.949020  0.454902 0.619608 0.874510  0.866667 0.909804 1.000000  0.764706 0.862745 1.000000  1  2.202 0.200 1 0  0.478431 0.478431 0.478431  0.401 1.276 0.238 0.132 0.68 0.757 8.000 0.667 1.700 1 0.090 0.408 0.124 0.901 1.265  0.792 0.792 0.792  0.138  0.807843 0.807843 0.807843  0.177 23.683 0.006 0.674 0.000  24.00 25 26  0.000 0.000 0.98 1 0.000 0.000 1000.000 0 0 0.216 1.000 1.061 1.100 1 1.000000 1.000 0.900 2.0 1 1
//7AM
255 189 218  151 121  76  255 154 116  0 17   24 255 231 217  255 255 255  255 255 255  1.0 1.0 1500.00  73.03  119 120 120  105 105 105  12   6   3 239  0.14 0.00 0.61 2.88  154 116  87   52  26  26  0.66 1 0.71 0.82 1.00 1.18 15.99 127.95  1.46 255.92 0.17  77 17.00  4.00  4.50 12.75 13.00  10 0.400  0.901961 0.827451 0.721569  0.725490 0.576471 0.309804  1.000000 0.886275 0.839216  1.000000 0.862745 0.874510  1  1.860 0.203 1 0  0.478431 0.478431 0.478431  0.396 1.296 0.252 0.132 0.68 0.757 8.000 0.667 1.700 1 0.088 0.400 0.124 0.890 1.265  0.800 0.800 0.800  0.140  0.945098 0.772549 0.721569  0.164 25.000 0.000 0.685 0.000  24.00 25 26  0.000 0.000 0.98 1 0.000 0.000 1000.000 0 0 0.225 1.000 1.050 1.000 1 1.000000 1.000 0.600 2.0 1 1
//9AM
198 226 255  217 184 120  255 251 245  0 25    0  69 156 217  255 255 255  255 255 255  1.0 1.0 1500.00 100.00   58  72  40  199 230 196   8  14  19 240  0.14 0.16 0.62 4.30  169 133 100  128  72  72  0.63 1 0.60 0.51 1.00 0.90 16.00 128.00  1.53 256.00 0.10 217 17.00  4.75  5.00 19.25 13.00  10 0.360  0.482353 0.576471 0.788235  0.592157 0.647059 0.894118  0.592157 0.647059 0.894118  0.698039 0.698039 0.698039  1 16.660 0.155 1 0  0.290196 0.290196 0.290196  0.102 1.066 0.000 0.132 0.68 0.000 8.000 0.667 1.700 1 0.354 0.354 0.500 0.400 0.435  0.102 0.102 0.102  1.265  0.658824 0.658824 0.654902  0.000  1.700 0.000 0.685 0.000  24.00 25 26  0.000 0.000 0.98 1 0.000 0.296 1000.000 0 0 0.200 1.000 1.000 0.800 1 1.000000 1.000 0.700 2.0 1 1
//Midday
130 175 217  251 216 150  224 174  92  0 24    0   0 162 254  255 255 255  255 255 255  1.0 1.0 1500.00  73.00  119 120 120  105 105 105  14  21  27 125  0.19 0.00 0.61 2.88  135 136 135   34  77 128  0.70 1 0.92 0.82 1.00 0.96 16.00 128.00  1.46 256.00 0.11  77 14.75  6.25  8.50 11.50 13.00  10 0.460  0.478431 0.572549 0.780392  0.505882 0.584314 0.874510  0.890196 0.901961 1.000000  0.321569 0.321569 0.321569  1  1.298 0.370 1 0  0.286275 0.286275 0.290196  0.102 1.243 0.000 0.132 0.68 0.757 8.000 0.667 1.700 1 0.354 0.400 0.124 0.425 1.265  0.000 0.000 0.000  0.140  0.819608 0.690196 0.419608  0.164  5.000 0.000 0.685 0.000  24.00 25 26  0.000 0.000 0.98 1 0.032 0.000 130.750 0 0 0.000 1.000 1.000 0.800 1 1.000000 1.000 0.750 2.0 1 1
//6PM
185 220 255  217 184 120  255 251 245  0 33    0  69 156 217  255 255 255  255 255 255  1.0 1.0 1500.00 100.00   58  72  40  199 230 196   8  14  19 240  0.14 0.16 0.62 4.30  168 132  99  128  72  72  0.63 1 0.60 0.51 1.00 0.90 16.00 128.00  1.53 256.00 0.10 217 17.00  4.75  5.00 13.00 13.00  10 0.360  0.482353 0.576471 0.788235  0.592157 0.647059 0.894118  0.592157 0.647059 0.894118  0.698039 0.698039 0.698039  1 16.660 0.155 1 0  0.290196 0.290196 0.290196  0.102 1.066 0.000 0.132 0.68 0.000 8.000 0.667 1.700 1 0.354 0.354 0.500 0.400 0.435  0.102 0.102 0.102  1.265  0.658824 0.658824 0.654902  0.000  1.700 0.000 0.685 0.000  24.00 25 26  0.000 0.000 0.98 1 0.000 0.296 1000.000 0 0 0.200 1.000 1.000 1.000 1 1.000000 1.000 0.700 2.0 1 1
//7PM
247 211 162  255 220 171  255 189 165  0 35   24 235 155 100  255 255 255  255 255 255  1.0 1.0 1500.00  73.00  119 120 120  105 105 105  15  15  15 239  0.14 0.43 0.63 2.43  171 132 102   52  26  26  0.75 1 0.72 0.82 1.00 1.18 16.00 128.00  1.46 256.00 0.17  77 13.00  5.50  4.50 11.25 13.00  10 0.400  0.968627 0.882353 0.756863  0.803922 0.666667 0.450980  1.000000 0.886275 0.839216  1.000000 0.862745 0.874510  1  4.320 0.495 1 0  0.482353 0.450980 0.470588  0.396 1.296 0.252 0.132 0.68 0.757 8.000 0.667 1.700 1 0.088 0.400 0.124 0.890 1.265  0.800 0.800 0.800  0.140  0.996078 0.843137 0.800000  0.164  8.000 0.000 0.685 0.000  24.00 25 26  0.000 0.000 0.98 1 0.000 0.000 1000.000 0 0 0.225 1.000 1.050 1.000 1 1.000000 1.000 0.600 2.0 1 1
//8PM
224 210 255  220 224 255  196 200 255  0 25   24 159 167 254  255 255 255  255 255 255  1.0 1.0 1500.00  73.00  119 120 120  105 105 105  28  28  28 239  0.14 0.43 0.63 2.43  165 126  96  128  64  64  0.75 1 0.72 0.82 1.00 1.18 16.00 128.00  1.46 256.00 0.17  77 13.00  5.50  4.50 11.25 13.00  10 0.400  0.847059 0.894118 1.000000  0.556863 0.694118 0.925490  0.866667 0.909804 1.000000  0.831373 0.901961 1.000000  1  4.320 0.788 1 0  0.443137 0.458824 0.490196  0.396 1.296 0.252 0.132 0.68 0.757 8.000 0.667 1.700 1 0.088 0.400 0.124 0.890 1.265  0.800 0.800 0.800  0.140  0.878431 0.878431 0.878431  0.164  8.000 0.000 0.685 0.000  24.00 25 26  0.000 0.000 0.98 1 0.000 0.000 1000.000 0 0 0.225 1.000 1.050 1.000 1 1.000000 1.000 0.700 2.0 1 1
//9PM
212 213 255  216 225 255  199 199 255  0 16   24 112 177 255  255 255 255  255 255 255  1.0 1.0 1500.00  73.00  119 120 120  105 105 105  20  20  20 239  0.58 0.43 0.63 2.43  133 142 116  204  83  74  0.75 1 0.72 0.82 1.00 1.18 16.00 128.00  3.66 256.00 0.17  77  6.50  2.25  2.25  4.00 13.00  10 0.400  0.501961 0.564706 0.698039  0.529412 0.698039 0.925490  0.858824 0.909804 1.000000  0.831373 0.901961 1.000000  1  4.320 0.788 1 0  0.443137 0.458824 0.490196  0.396 1.296 0.252 0.132 0.68 0.757 8.000 0.667 1.700 1 0.088 0.400 0.124 0.890 1.265  0.071 0.071 0.071  0.140  0.878431 0.878431 0.878431  0.164  8.000 0.000 0.685 0.000  24.00 25 26  0.000 0.000 0.98 1 0.000 0.000 1000.000 0 0 0.225 1.000 1.050 0.800 1 2.500000 1.000 0.700 2.0 1 1
//10PM
106 136 255   92 154 255  129 145 255  0 15  116   0 123 255    0   0   0    0   0   0  1.2 1.2 1500.00  50.77   35   9  10   26  30  36  45  48  55 154  2.66 0.31 0.71 4.92  125 152  87  204  52  41  0.34 1 0.76 0.83 1.00 1.24 15.67 181.86 19.86 255.19 0.10   0  2.75  3.51  3.57  1.84 0.00   0 1.382  0.341176 0.392157 0.498039  0.843137 0.901961 1.000000  0.592157 0.690196 0.843137  0.301961 0.325490 0.360784  1  4.976 0.162 1 0  0.435294 0.435294 0.435294  0.603 0.998 0.265 0.132 0.68 0.757 8.000 0.667 1.700 1 0.088 0.675 0.124 0.890 1.265  0.666 0.666 0.666  0.063  0.819608 0.819608 0.819608  0.624  6.900 0.320 0.180 0.045  25.75 25 26  0.199 0.096 0.98 1 0.000 0.000 1000.000 0 0 0.126 0.314 3.498 0.750 1 5.434783 1.000 0.800 2.0 1 1
                                                                                                                                                                                                                                                                                                                                                                                                                                                                                                                                                                                                                                                                                                                                                                         
////////// SUNNY
//Amb0            Amb1            Dir            Sky top        Sky bot        SunCore        SunCorona     SunSz  SprBght FarClp   FogSt   LowCloudsRGB  BottomCloudRGB  WaterRGBA      Exposure BPThreshold MidGreyValue IntensityBloom ColourCorrectRGB ColourAddRGB Desaturation Contrast Gamma DesaturationFar ContrastFar GammaFar DepthFxNear DepthFxFar LumMin LumMax LumDelay CloudAlpha DirLightMult AmbLightMult0 AmbLightMult1 SkyLightMult SunMult Temperature   Far DOF   Near DOF   Near Blur DOF   Mid Blur DOF   Far Blur DOF    Water Reflection    Particle HDR    Sprite Size		Global sun multiplier ambient occlusion scaler
//Midnight
136 154 255   78 150 255  184 186 255  0 30    0  13  13  13    0   0   0    0   0   0  1.0 1.0 1500.00  50.00   35   9  10   26  30  36  22  40  62 150  2.40 0.63 0.70 4.45  110 137  73  137  35  27  0.65 1 0.77 0.62 1.00 1.20 15.00 348.75 19.88 256.00 0.10   0  2.00  3.92  3.93  3.05 0.00   0 0.643  0.219608 0.219608 0.219608  0.407843 0.690196 1.000000  0.000000 0.000000 0.000000  0.301961 0.325490 0.360784  1 11.205 0.000 1 0  0.305882 0.309804 0.309804  0.368 0.998 1.070 0.132 0.68 0.757 8.000 0.667 1.700 1 0.088 1.513 0.124 0.890 1.265  0.259 0.259 0.259  0.140  0.807843 0.807843 0.807843  0.164  8.000 0.359 0.174 0.045  25.75 25 26  0.199 0.096 0.98 1 0.000 0.000 1000.000 0 0 0.100 0.250 3.825 0.800 1 3.278689 1.000 0.900 2.0 1 1
//5AM
136 154 255   78 150 255  184 186 255  0 35    0  13  13  13    0   0   0    0   0   0  1.0 1.0 1500.00  50.00   35   9  10   26  30  36  50  54  60 150  2.40 0.63 0.70 4.45  123 132 106  132  34  26  0.65 1 0.77 0.62 1.00 1.20 15.00 348.75 19.88 256.00 0.10   0  2.00  3.92  3.93  3.05 0.00   0 0.643  0.219608 0.219608 0.219608  0.407843 0.690196 1.000000  0.000000 0.000000 0.000000  0.301961 0.325490 0.360784  1 11.205 0.000 1 0  0.305882 0.309804 0.309804  0.368 0.998 1.070 0.132 0.68 0.757 8.000 0.667 1.700 1 0.088 1.513 0.124 0.890 1.265  0.259 0.259 0.259  0.140  0.341176 0.341176 0.341176  0.164  8.000 0.359 0.174 0.045  25.75 25 26  0.199 0.096 0.98 1 0.000 0.000 1000.000 0 0 0.100 0.250 2.775 0.800 1 3.278689 1.000 0.900 2.0 1 1
//6AM
165 139 245  213 218 255  155 169 255  0 25   22 192 193 233  250   0   0  250   0   0  1.0 1.0 1500.00 100.00   58  72  40  179 148  88  33  36  60 240  0.93 0.00 0.46 1.84  161 123  93  128  64  64  0.43 1 0.75 1.00 1.00 1.18 16.00 128.00  9.93 234.82 0.20   0  8.41  7.21  7.80 11.00 7.25   2 0.460  0.772549 0.847059 1.000000  0.850980 0.898039 1.000000  0.866667 0.909804 1.000000  0.301961 0.325490 0.360784  1  6.613 0.215 1 0  0.478431 0.478431 0.478431  0.368 0.998 0.000 0.132 0.68 0.757 8.000 0.667 1.700 1 0.088 0.400 0.124 0.890 1.265  0.800 0.800 0.800  0.140  0.807843 0.807843 0.807843  0.164 25.000 0.000 0.685 0.000  24.00 25 26  0.000 0.000 0.98 1 0.000 0.000 1000.000 0 0 0.150 1.000 1.000 1.400 1 1.000000 1.000 0.800 2.0 1 1
//7AM
255 221 236  194 161 114  255 146 105  0 32   24 235 155 100  255 255 255  255 255 255  1.0 1.0 1500.00  73.00  119 120 120  105 105 105  20  20  20 239  0.14 0.00 0.61 2.88  153 115  86   52  26  26  0.66 1 0.71 0.82 1.00 1.18 16.00 128.00  1.46 256.00 0.17  77 20.75  4.00  4.50 12.75 13.00  10 0.400  0.921569 0.807843 0.647059  0.866667 0.733333 0.525490  1.000000 0.886275 0.839216  1.000000 0.862745 0.874510  1  1.860 0.203 1 0  0.478431 0.478431 0.478431  0.396 1.296 0.252 0.132 0.68 0.757 8.000 0.667 1.700 1 0.088 0.400 0.124 0.890 1.265  0.800 0.800 0.800  0.140  0.945098 0.772549 0.721569  0.164 25.000 0.000 0.685 0.000  24.00 25 26  0.000 0.000 0.98 1 0.000 0.000 1000.000 0 0 0.225 1.000 1.050 1.000 1 1.000000 1.000 0.000 2.0 1 1
//9AM
139 184 226  196 164 101  255 210 142  0 35   44   0 160 254  255 255 255  255 255 255  1.0 1.0 1500.00 147.10  119 120 120  105 105 105   0   0   0 239  0.20 0.00 0.61 2.87  158 123  91  128  72  72  0.71 1 0.80 1.00 1.00 1.18 15.94 127.65  1.47 255.43 0.10  77 10.25  4.00  4.00  8.00 1.50   9 0.458  0.654902 0.729412 0.921569  0.964706 0.968627 1.000000  0.890196 0.901961 1.000000  0.321569 0.321569 0.321569  1  1.860 0.451 1 0  0.462745 0.494118 0.588235  0.396 1.434 0.285 0.132 0.68 1.000 6.272 0.548 0.378 1 0.373 0.400 0.124 0.890 1.265  0.890 0.890 0.890  0.140  0.909804 0.835294 0.698039  1.000  8.000 0.000 0.685 0.000  24.00 25 26  0.000 0.000 0.98 1 0.000 0.000 1000.000 0 0 0.300 1.000 1.500 0.800 1 1.000000 1.000 0.725 2.0 1 1
//Midday
145 190 233  255 234 197  255 224 183  0 36   44   0 160 254  255 255 255  255 255 255  1.0 1.0 1500.00 147.10  119 120 120  105 105 105   0   0   0 239  0.20 0.00 0.61 2.87  123 124 123   34  77 128  0.76 1 0.80 1.00 1.00 1.18 15.94 127.65  1.47 255.43 0.10  77 10.25  4.00  4.00  8.00 1.50   9 0.458  0.760784 0.800000 0.921569  0.964706 0.968627 1.000000  0.890196 0.901961 1.000000  0.321569 0.321569 0.321569  1  1.950 0.361 1 0  0.505882 0.521569 0.576471  0.396 1.434 0.285 0.132 0.68 1.000 6.272 0.548 0.510 1 0.373 0.400 0.124 0.890 1.265  0.890 0.890 0.890  0.140  0.909804 0.835294 0.698039  1.000  8.000 0.000 0.685 0.000  24.00 25 26  0.000 0.000 0.98 1 0.000 0.000 1000.000 0 0 0.300 1.000 1.500 0.800 1 1.000000 1.000 0.725 2.0 1 1
//6PM
202 228 255  177 147  84  255 237 214  0 26   24   0 169 255  255 255 255  255 255 255  1.0 1.0 1500.00  73.00  119 120 120  105 105 105  45  51  58 239  0.14 0.00 0.61 2.88  155 120  88  128  72  72  0.66 1 0.78 0.82 1.00 1.18 16.00 128.00  1.46 256.00 0.17  77 20.75  4.00  6.00 14.50 13.00  10 0.400  0.756863 0.823529 1.000000  0.505882 0.584314 0.874510  0.890196 0.901961 1.000000  0.894118 0.894118 0.894118  1  1.860 0.203 1 0  0.478431 0.478431 0.478431  0.396 1.296 0.252 0.132 0.68 0.757 8.000 0.667 1.700 1 0.088 0.400 0.124 0.890 1.265  0.800 0.800 0.800  0.140  0.874510 0.800000 0.674510  0.164  8.000 0.000 0.685 0.000  24.00 25 26  0.000 0.000 0.98 1 0.000 0.000 1000.000 0 0 0.225 1.000 1.050 1.000 1 1.000000 1.000 0.750 2.0 1 1
//7PM
255 226 187  194 161 114  255 133  88  0 20   24 235 155 100  255 255 255  255 255 255  1.0 1.0 1500.00  73.00  119 120 120  105 105 105  63  31   2 239  0.14 0.00 0.61 2.88  153 115  86   52  26  26  0.66 1 0.71 0.82 1.00 1.18 16.00 128.00  1.78 256.00 0.17  77 20.75  4.00  4.50 10.00 13.00  10 0.400  0.964706 0.929412 0.882353  0.725490 0.576471 0.309804  1.000000 0.886275 0.839216  1.000000 0.862745 0.874510  1  1.860 0.203 1 0  0.486275 0.450980 0.474510  0.396 1.296 0.252 0.132 0.68 0.757 8.000 0.667 1.700 1 0.088 0.400 0.124 0.890 1.265  0.800 0.800 0.800  0.140  1.000000 0.882353 0.850980  0.164  8.000 0.000 0.685 0.000  24.00 25 26  0.000 0.000 0.98 1 0.000 0.000 1000.000 0 0 0.225 1.000 1.050 1.100 1 1.000000 0.825 0.800 2.0 1 1
//8PM
235 226 255  135 162 255  143 161 255  0 15   24 159 167 254  255 255 255  255 255 255  1.0 1.0 1500.00  73.00  119 120 120  105 105 105  13  13  13 239  0.21 0.00 0.61 2.88  153 115  86  128  64  64  0.66 1 0.71 0.82 1.00 1.18 16.00 128.00  2.56 256.00 0.17  77 15.00  2.25  2.50 10.00 13.00  10 0.400  0.807843 0.870588 1.000000  0.407843 0.603922 0.886275  0.866667 0.909804 1.000000  0.831373 0.901961 1.000000  1  1.860 0.203 1 0  0.478431 0.478431 0.478431  0.396 1.296 0.252 0.132 0.68 0.757 8.000 0.667 1.700 1 0.088 0.400 0.124 0.890 1.265  0.800 0.800 0.800  0.140  0.909804 0.909804 0.909804  0.164  8.000 0.000 0.685 0.000  24.00 25 26  0.000 0.000 0.98 1 0.000 0.000 1000.000 0 0 0.225 1.000 1.050 0.950 1 1.000000 0.825 0.800 2.0 1 1
//9PM
112 139 255  187 204 255  144 155 255  0 16    0 105 120 145  255  45   0  255  45   0  1.0 1.0 1500.00   9.00   62 120 141  104 198 255  27  32  41 100  2.85 0.08 0.57 3.75  128 137 111  132  34  26  0.37 1 0.74 0.60 1.00 1.00  8.00  64.00 18.73 256.00 0.10   0 11.75  4.50  2.50  6.50 18.00   3 0.460  0.745098 0.827451 1.000000  0.843137 0.901961 1.000000  0.858824 0.909804 1.000000  0.301961 0.325490 0.360784  1 11.000 0.215 1 0  0.478431 0.478431 0.478431  0.368 0.998 0.000 0.132 0.68 0.757 8.000 0.667 1.700 1 0.088 0.400 0.124 0.890 1.265  0.800 0.800 0.800  0.140  0.807843 0.807843 0.807843  0.159  8.000 0.179 0.133 0.000  24.00 25 26  0.000 0.000 0.98 1 0.040 0.000 1000.000 0 0 0.000 0.800 1.000 0.700 1 1.538462 1.000 0.825 2.0 1 1
//10PM
131 150 255   78 150 255   29 101 239  0 15    0  13  13  13    0   0   0    0   0   0  1.0 1.0 1500.00  50.00   35   9  10   26  30  36  43  51  65 150  2.40 0.63 0.70 4.45  110 137  73  137  35  27  0.65 1 0.77 0.62 1.00 1.28 15.00 348.75 19.88 256.00 0.10   0  1.16  3.94  3.95  3.05 0.00   0 0.643  0.219608 0.219608 0.219608  0.407843 0.690196 1.000000  0.000000 0.000000 0.000000  0.301961 0.325490 0.360784  1 11.205 0.000 1 0  0.305882 0.309804 0.309804  0.368 0.998 1.070 0.132 0.68 0.757 8.000 0.667 1.700 1 0.088 1.513 0.124 0.890 1.265  0.259 0.259 0.259  0.140  0.207843 0.207843 0.207843  0.164  8.000 0.359 0.174 0.045  25.75 25 26  0.199 0.096 0.98 1 0.000 0.000 1000.000 0 0 0.100 0.250 3.150 0.800 1 3.278689 1.000 0.900 2.0 1 1
                                                                                                                                                                                                                                                                                                                                                                                                                                                                                                                                                                                                                                                                                                                                                                         
////////// SUNNY_WINDY
//Amb0            Amb1            Dir            Sky top        Sky bot        SunCore        SunCorona     SunSz  SprBght FarClp   FogSt   LowCloudsRGB  BottomCloudRGB  WaterRGBA      Exposure BPThreshold MidGreyValue IntensityBloom ColourCorrectRGB ColourAddRGB Desaturation Contrast Gamma DesaturationFar ContrastFar GammaFar DepthFxNear DepthFxFar LumMin LumMax LumDelay CloudAlpha DirLightMult AmbLightMult0 AmbLightMult1 SkyLightMult SunMult Temperature   Far DOF   Near DOF   Near Blur DOF   Mid Blur DOF   Far Blur DOF    Water Reflection    Particle HDR    Sprite Size		Global sun multiplier ambient occlusion scaler
//Midnight
149 162 255  124 168 255   23  99 237  0 27  120 208 225 255    0   0   0    0   0   0  0.6 0.6 1500.00  50.00   35   9  10   26  30  36  99  99  99 240  3.21 0.21 0.72 2.12  126 154  88  255  65  51  0.28 1 1.00 1.00 1.00 1.17 15.96 127.74 19.86 255.58 0.10   0  2.30  3.99  3.99  1.75 0.00  -1 0.800  0.309804 0.376471 0.505882  0.843137 0.901961 1.000000  0.858824 0.909804 1.000000  0.301961 0.325490 0.360784  1  6.613 0.215 1 0  0.478000 0.478000 0.478000  0.795 0.998 0.000 0.132 0.68 0.757 8.000 0.667 1.700 1 0.088 0.400 0.124 0.890 1.265  0.800 0.800 0.800  0.000  0.831373 0.831373 0.831373  1.000  6.000 0.363 0.000 0.045  25.75 25 26  0.199 0.096 0.98 1 0.000 0.000 1000.000 0 0 0.000 0.775 3.625 0.750 1 5.714286 1.000 0.825 2.0 1 1
//5AM
149 162 255  124 168 255   23  99 237  0 35  120 208 225 255    0   0   0    0   0   0  0.6 0.6 1500.00  50.00   35   9  10   26  30  36  92  92  92 240  3.21 0.21 0.72 2.12  139 148 121  204  65  55  0.28 1 1.00 1.00 1.00 1.17 15.96 127.74 19.86 255.58 0.10   0  2.30  3.99  3.99  1.75 0.00  -1 0.800  0.309804 0.376471 0.505882  0.843137 0.901961 1.000000  0.858824 0.909804 1.000000  0.301961 0.325490 0.360784  1  6.613 0.215 1 0  0.478000 0.478000 0.478000  0.795 0.998 0.000 0.132 0.68 0.757 8.000 0.667 1.700 1 0.088 0.400 0.124 0.890 1.265  0.800 0.800 0.800  0.000  0.831373 0.831373 0.831373  1.000  6.000 0.363 0.000 0.045  25.75 25 26  0.199 0.096 0.98 1 0.000 0.000 1000.000 0 0 0.000 0.700 3.700 0.800 1 5.714286 1.000 0.825 2.0 1 1
//6AM
235 226 255  135 162 255  191 197 255  0 29   24 192 193 233  255 255 255  255 255 255  1.0 1.0 1500.00  73.00  119 120 120  105 105 105  31  31  31 239  0.19 0.00 0.50 1.45  151 113  84  128  64  64  0.31 1 0.81 0.82 1.00 1.18 16.00 128.00  1.46 256.00 0.17  77 20.75  5.00  5.00  8.25 13.00  10 0.400  0.737255 0.827451 1.000000  0.407843 0.603922 0.886275  0.866667 0.909804 1.000000  0.831373 0.901961 1.000000  1  1.860 0.203 1 0  0.478000 0.478000 0.478000  0.396 1.296 0.252 0.132 0.68 0.757 8.000 0.667 1.700 1 0.088 0.400 0.124 0.890 1.265  0.800 0.800 0.800  0.140  0.807843 0.807843 0.807843  0.164  8.000 0.000 0.685 0.000  24.00 25 26  0.000 0.000 0.98 1 0.000 0.000 1000.000 0 0 0.225 1.000 1.050 1.050 1 1.000000 1.000 0.750 2.0 1 1
//7AM
255 221 236  194 161 114  255 175 145  0 31   24 235 155 100  255 255 255  255 255 255  1.0 1.0 1500.00  73.00  119 120 120  105 105 105   8   8   8 239  0.19 0.00 0.50 3.78  150 112  83   52  26  26  0.41 1 0.76 0.82 1.00 1.18 16.00 128.00  1.46 256.00 0.17  77 20.75  4.00  4.00 11.50 13.00  10 0.400  0.921569 0.807843 0.647059  0.725490 0.576471 0.309804  1.000000 0.886275 0.839216  1.000000 0.862745 0.874510  1  1.860 0.203 1 0  0.478000 0.478000 0.478000  0.396 1.296 0.252 0.132 0.68 0.757 8.000 0.667 1.700 1 0.088 0.400 0.124 0.890 1.265  0.800 0.800 0.800  0.140  0.945098 0.772549 0.721569  0.164  8.000 0.000 0.685 0.000  24.00 25 26  0.000 0.000 0.98 1 0.000 0.000 1000.000 0 0 0.225 1.000 1.050 0.850 1 1.000000 1.000 0.775 2.0 1 1
//9AM
175 215 255  190 159  96  255 250 243  0 34    0 158 209 255  255 255 255  255 255 255  1.0 1.0 1500.00  73.00  119 120 120  105 105 105  28  32  37 239  0.12 0.00 0.50 2.22  169 133 100  128  72  72  0.36 1 0.72 1.00 1.00 1.13 16.00 128.00  1.46 256.00 0.10  77 11.00  7.44 10.25 14.50 1.00   0 0.460  0.756863 0.823529 1.000000  0.874510 0.890196 1.000000  0.890196 0.901961 1.000000  0.321569 0.321569 0.321569  1  6.613 0.215 1 0  0.478000 0.478000 0.478000  0.368 0.998 0.000 0.132 0.68 0.757 8.000 0.667 1.700 1 0.088 0.400 0.124 0.890 1.265  0.800 0.800 0.800  0.140  0.874510 0.800000 0.674510  0.164  8.000 0.000 0.685 0.000  24.00 25 26  0.000 0.000 0.98 1 0.000 0.000 1000.000 0 0 0.225 1.000 1.000 1.200 1 1.000000 1.000 0.700 2.0 1 1
//Midday
251 253 255  199 167 103  224 174  91  0 26   46  82 184 254  255 255 255  255 255 255  1.0 1.0 1500.00  73.00  119 120 120  105 105 105   5  40  61 239  0.20 0.22 0.50 4.55  136 137 136   34  77 128  0.45 1 0.82 1.00 1.00 0.85 16.00 128.00  1.46 256.00 0.18  77 12.00  4.25 10.25 10.00 13.00   0 0.382  0.756863 0.823529 1.000000  0.874510 0.890196 1.000000  0.890196 0.901961 1.000000  0.321569 0.321569 0.321569  1  6.613 0.215 1 0  0.478000 0.478000 0.478000  0.368 0.998 0.000 0.132 0.68 0.757 8.000 0.667 1.700 1 0.088 0.400 0.124 0.890 1.265  0.800 0.800 0.800  0.140  0.874510 0.800000 0.674510  0.164  8.000 0.000 0.685 0.000  24.00 25 26  0.000 0.000 0.98 1 0.000 0.000 1000.000 0 0 0.000 1.000 1.000 0.750 1 1.000000 1.000 0.750 2.0 1 1
//6PM
186 220 255  199 167 103  224 174  91  0 25   46  82 184 254  255 255 255  255 255 255  1.0 1.0 1500.00  73.00  119 120 120  105 105 105   5  40  61 239  0.20 0.22 0.50 4.55  168 132  99  128  72  72  0.45 1 0.82 1.00 1.00 0.85 16.00 128.00  1.46 256.00 0.18  77 12.00  4.25 10.25 10.00 13.00   0 0.382  0.756863 0.823529 1.000000  0.874510 0.890196 1.000000  0.890196 0.901961 1.000000  0.321569 0.321569 0.321569  1  6.613 0.215 1 0  0.478000 0.478000 0.478000  0.368 0.998 0.000 0.132 0.68 0.757 8.000 0.667 1.700 1 0.088 0.400 0.124 0.890 1.265  0.800 0.800 0.800  0.140  0.874510 0.800000 0.674510  0.164  8.000 0.000 0.685 0.000  24.00 25 26  0.000 0.000 0.98 1 0.000 0.000 1000.000 0 0 0.000 0.875 1.000 0.800 1 1.000000 1.000 0.750 2.0 1 1
//7PM
255 253 249  199 166 119  255 140  97  0 20    0 246 193 158  255 255 255  255 255 255  1.0 1.0 1500.00  73.00  119 120 120  105 105 105  84  59  43 239  0.69 0.22 0.50 5.03  173 134 104   52  26  26  0.49 1 0.87 0.85 1.00 0.85 16.00 128.00  4.53 256.00 0.10  77 11.50  4.50  5.50  7.00 13.00   0 0.460  0.921569 0.807843 0.647059  0.956863 0.886275 0.788235  1.000000 0.886275 0.839216  0.360784 0.309804 0.317647  1  6.613 0.215 1 0  0.478000 0.478000 0.478000  0.368 0.998 0.000 0.132 0.68 0.757 8.000 0.667 1.700 1 0.088 0.400 0.124 0.890 1.265  0.800 0.800 0.800  0.140  0.945098 0.772549 0.721569  0.164  8.000 0.000 0.685 0.000  24.00 25 26  0.000 0.000 0.98 1 0.000 0.000 1000.000 0 0 0.000 0.625 1.000 0.600 1 1.000000 1.000 0.725 2.0 1 1
//8PM
156 130 236  193 202 255  136 157 255  0 14    1 107 107 107  255  45   0  255  45   0  1.0 1.0 1500.00   9.00   62 120 141  104 198 255  37  37  41 238  3.70 0.60 0.57 6.65  165 126  96  128  64  64  0.25 1 0.74 0.67 1.00 1.00  8.00  64.00 18.73 256.00 0.10   0  2.75  4.50  2.50  4.50 18.00  12 0.460  0.737255 0.827451 1.000000  0.850980 0.898039 1.000000  0.866667 0.909804 1.000000  0.301961 0.325490 0.360784  1 11.000 0.215 1 0  0.478000 0.478000 0.478000  0.368 0.998 0.000 0.132 0.68 0.757 8.000 0.667 1.700 1 0.088 0.400 0.124 0.890 1.265  0.800 0.800 0.800  0.140  0.807843 0.807843 0.807843  0.159  1.700 0.179 0.133 0.000  24.00 25 26  0.000 0.000 0.98 1 0.040 0.000 1000.000 0 0 0.175 0.700 1.825 0.500 1 1.000000 1.000 0.800 2.0 1 1
//9PM
112 139 255  187 204 255  144 155 255  0 14    0 105 120 145  255  45   0  255  45   0  1.0 1.0 1500.00   9.00   62 120 141  104 198 255  13  24  39 238  3.70 0.60 0.57 6.65  128 137 111  204  65  55  0.25 1 0.74 0.67 1.00 1.00  8.00  64.00 18.73 256.00 0.10   0  2.75  4.50  2.50  4.50 18.00  12 0.460  0.745098 0.827451 1.000000  0.843137 0.901961 1.000000  0.858824 0.909804 1.000000  0.301961 0.325490 0.360784  1 11.000 0.215 1 0  0.478000 0.478000 0.478000  0.368 0.998 0.000 0.132 0.68 0.757 8.000 0.667 1.700 1 0.088 0.400 0.124 0.890 1.265  0.800 0.800 0.800  0.140  0.807843 0.807843 0.807843  0.159  1.700 0.179 0.133 0.000  24.00 25 26  0.000 0.000 0.98 1 0.040 0.000 1000.000 0 0 0.125 0.750 2.000 0.500 1 2.222222 1.000 0.800 2.0 1 1
//10PM
149 162 255  124 168 255  242 241 255  0 26  120   0 153 255    0   0   0    0   0   0  0.6 0.6 1500.00  50.00   35   9  10   26  30  36  86 107 139 240  3.21 0.21 0.72 3.27  126 154  88  255  65  51  0.37 1 1.00 1.00 1.00 1.14 15.96 127.74 19.86 255.58 0.10   0  2.50  3.99  3.99  1.75 0.00   0 0.900  0.309804 0.376471 0.505882  0.843137 0.901961 1.000000  0.858824 0.909804 1.000000  0.301961 0.325490 0.360784  1  6.613 0.215 1 0  0.478000 0.478000 0.478000  0.795 0.998 0.000 0.132 0.68 0.757 8.000 0.667 1.700 1 0.088 0.400 0.124 0.890 1.265  0.800 0.800 0.800  0.000  0.831373 0.831373 0.831373  1.000  6.000 0.363 0.000 0.045  25.75 25 26  0.199 0.096 0.98 1 0.000 0.000 1000.000 0 0 0.000 0.575 4.017 0.650 1 5.714286 1.000 0.925 2.0 1 1
                                                                                                                                                                                                                                                                                                                                                                                                                                                                                                                                                                                                                                                                                                                                                                         
////////// CLOUDY
//Amb0            Amb1            Dir            Sky top        Sky bot        SunCore        SunCorona     SunSz  SprBght FarClp   FogSt   LowCloudsRGB  BottomCloudRGB  WaterRGBA      Exposure BPThreshold MidGreyValue IntensityBloom ColourCorrectRGB ColourAddRGB Desaturation Contrast Gamma DesaturationFar ContrastFar GammaFar DepthFxNear DepthFxFar LumMin LumMax LumDelay CloudAlpha DirLightMult AmbLightMult0 AmbLightMult1 SkyLightMult SunMult Temperature   Far DOF   Near DOF   Near Blur DOF   Mid Blur DOF   Far Blur DOF    Water Reflection    Particle HDR    Sprite Size		Global sun multiplier ambient occlusion scaler
//Midnight
149 162 255  124 168 255  217 216 255  0 25  179 177 207 255    0   0   0    0   0   0  0.7 0.7 1500.00  50.00   35   9  10   26  30  36   7  10  16 240  1.96 0.09 0.63 2.97  168 196 127  113  29  23  0.43 1 0.80 0.62 1.00 1.25 16.00 128.00 19.88 256.00 0.10   0  1.50  1.75  2.25  1.50 0.00   0 0.425  0.725490 0.811765 1.000000  0.843137 0.901961 1.000000  0.858824 0.909804 1.000000  0.301961 0.325490 0.360784  1  6.613 0.215 1 0  0.478431 0.478431 0.478431  0.368 0.998 0.000 0.132 0.68 0.757 8.000 0.677 0.790 1 0.088 0.400 0.124 0.890 1.265  0.800 0.800 0.800  0.000  0.513725 0.513725 0.513725  0.554  6.000 0.363 0.000 0.045  25.75 25 26  0.199 0.096 0.98 1 0.000 0.000 1000.000 0 0 0.000 0.450 4.000 0.850 1 6.666667 1.000 0.950 1.0 1 1
//5AM
130 150 255   98 156 255    0   0   0  0 30  179 177 207 255    0   0   0    0   0   0  0.7 0.7 1500.00  50.00   35   9  10   26  30  36   7  10  16 240  1.96 0.09 0.63 2.97  181 190 162   87  28  24  0.43 1 0.80 0.62 1.00 1.25 16.00 128.00 19.88 256.00 0.10   0  0.00  2.88  3.13  1.50 0.00   0 0.425  0.725490 0.811765 1.000000  0.843137 0.901961 1.000000  0.858824 0.909804 1.000000  0.301961 0.325490 0.360784  1  6.613 0.215 1 0  0.478431 0.478431 0.478431  0.368 0.998 0.000 0.132 0.68 0.757 8.000 0.677 0.790 1 0.088 0.400 0.124 0.890 1.265  0.800 0.800 0.800  0.000  0.513725 0.513725 0.513725  0.554  6.000 0.363 0.000 0.045  25.75 25 26  0.199 0.096 0.98 1 0.000 0.110 1000.000 0 0 0.000 0.450 4.050 0.800 1 6.666667 1.000 0.950 1.0 1 1
//6AM
254 253 255  143 167 255  255 255 255  0 29    0 198 199 253  255 255 255  255 255 255  1.0 1.0 1500.00  73.00  119 120 120  105 105 105  12  12  14 239  0.15 0.22 0.58 5.05  134  98  70  128  64  64  0.27 1 0.74 1.00 1.00 0.95 16.00 128.00  1.46 256.00 0.18  77 12.00  5.00  8.00 11.75 4.00   0 0.425  0.756863 0.803922 0.909804  0.850980 0.898039 1.000000  0.866667 0.909804 1.000000  0.301961 0.325490 0.360784  1  6.675 0.000 1 0  0.478431 0.478431 0.478431  0.268 0.910 0.000 0.132 0.68 0.488 8.000 0.667 0.688 1 0.126 0.120 0.696 0.993 1.265  0.361 0.361 0.361  0.102  0.537255 0.537255 0.537255  0.000  6.000 0.000 0.685 0.000  24.00 25 26  0.000 0.000 0.98 1 0.000 0.086 157.250 0 0 0.075 0.800 1.825 0.900 1 1.000000 1.000 0.675 2.0 1 1
//7AM
255 160 204  199 166 119  255 255 255  0 32   35 212 117  45  255 255 255  255 255 255  1.0 1.0 1500.00  73.00  119 120 120  105 105 105  26  26  26 239  0.14 0.29 0.58 4.90  140 103  74   52  26  26  0.30 1 0.73 1.00 1.00 0.85 16.00 128.00  1.24 256.00 0.18  77 10.00  6.00  6.50 14.50 3.50   0 0.425  0.800000 0.800000 0.800000  0.305882 0.207843 0.000000  1.000000 0.886275 0.839216  0.317647 0.192157 0.207843  1  6.090 0.130 1 0  0.380392 0.376471 0.376471  0.268 0.910 0.000 0.132 0.68 0.488 8.000 0.667 0.688 1 0.026 0.120 0.696 0.993 1.265  0.361 0.361 0.361  0.102  0.756863 0.650980 0.619608  0.000  6.000 0.000 0.685 0.000  24.00 25 26  0.000 0.000 0.98 1 0.000 0.026 555.000 0 0 0.000 0.875 1.000 0.950 1 1.000000 1.000 0.525 2.0 1 1
//9AM
145 190 233  255 234 197  255 224 183  0 26   44   0 160 254  255 255 255  255 255 255  1.0 1.0 1500.00 147.10  119 120 120  105 105 105   0   0   0 239  0.20 0.00 0.61 2.87  159 124  91  128  72  72  0.25 1 0.85 1.00 1.00 1.18 15.94 127.65  1.47 255.43 0.10  77 10.25  4.00  4.00  8.00 1.50   9 0.458  0.811765 0.835294 0.909804  0.964706 0.968627 1.000000  0.890196 0.901961 1.000000  0.321569 0.321569 0.321569  1  1.950 0.361 1 0  0.505882 0.521569 0.576471  0.396 1.434 0.285 0.132 0.68 1.000 6.272 0.548 0.510 1 0.373 0.400 0.124 0.890 1.265  0.890 0.890 0.890  0.140  0.909804 0.835294 0.698039  1.000  8.000 0.000 0.685 0.000  24.00 25 26  0.000 0.000 0.98 1 0.000 0.000 1000.000 0 0 0.300 1.000 1.500 0.500 1 1.000000 1.000 0.725 2.0 1 1
//Midday
145 190 233  255 234 197  255 224 183  0 21   44   0 160 254  255 255 255  255 255 255  1.0 1.0 1500.00 147.10  119 120 120  105 105 105   0   0   0 239  0.20 0.00 0.61 2.87  128 129 128   34  77 128  0.25 1 0.85 1.00 1.00 1.18 15.94 127.65  1.47 255.43 0.10  77 10.25  4.00  4.00  8.00 1.50   9 0.458  0.811765 0.835294 0.909804  0.964706 0.968627 1.000000  0.890196 0.901961 1.000000  0.321569 0.321569 0.321569  1  1.950 0.361 1 0  0.505882 0.521569 0.576471  0.396 1.434 0.285 0.132 0.68 1.000 6.272 0.548 0.510 1 0.373 0.400 0.124 0.890 1.265  0.890 0.890 0.890  0.140  0.909804 0.835294 0.698039  1.000  8.000 0.000 0.685 0.000  24.00 25 26  0.000 0.000 0.98 1 0.000 0.000 1000.000 0 0 0.300 1.000 1.500 0.600 1 1.000000 1.000 0.725 2.0 1 1
//6PM
145 190 233  255 234 197  255 224 183  0 17   44   0 160 254  255 255 255  255 255 255  1.0 1.0 1500.00 147.10  119 120 120  105 105 105   0   0   0 239  0.20 0.00 0.61 2.87  157 122  90  128  72  72  0.25 1 0.85 1.00 1.00 1.18 15.94 127.65  1.47 255.43 0.10  77 10.25  4.00  4.00  8.00 1.50   9 0.458  0.811765 0.835294 0.909804  0.964706 0.968627 1.000000  0.890196 0.901961 1.000000  0.321569 0.321569 0.321569  1  1.950 0.361 1 0  0.505882 0.521569 0.576471  0.396 1.434 0.285 0.132 0.68 1.000 6.272 0.548 0.510 1 0.373 0.400 0.124 0.890 1.265  0.890 0.890 0.890  0.140  0.909804 0.835294 0.698039  1.000  8.000 0.000 0.685 0.000  24.00 25 26  0.000 0.000 0.98 1 0.000 0.000 1000.000 0 0 0.300 1.000 1.500 0.650 1 1.000000 1.000 0.725 2.0 1 1
//7PM
255 253 249  199 166 119  255 255 255  0 36    0 246 193 158  255 255 255  255 255 255  1.0 1.0 1500.00  73.00  119 120 120  105 105 105  66  66  66 239  0.11 0.22 0.58 4.78  170 131 101   52  26  26  0.27 1 0.88 1.00 1.00 0.84 16.00 128.00  1.46 256.00 0.18  77 15.50 11.00 11.25 12.25 13.00   0 0.425  0.862745 0.796078 0.698039  0.956863 0.886275 0.788235  1.000000 0.886275 0.839216  0.360784 0.309804 0.317647  1  6.675 0.000 1 0  0.478431 0.478431 0.478431  0.268 0.910 0.000 0.132 0.68 0.488 8.000 0.667 0.688 1 0.026 0.120 0.696 0.993 1.265  0.361 0.361 0.361  0.102  0.568627 0.568627 0.568627  0.000  6.000 0.000 0.685 0.000  24.00 25 26  0.000 0.000 0.98 1 0.000 0.000 555.000 0 0 0.000 0.675 1.000 1.000 1 1.000000 1.000 0.700 2.0 1 1
//8PM
179 153 255  199 207 255   46 114 242  0 32   77  30 105 245  255 255 255  255 255 255  1.0 1.0 1500.00  73.00  119 120 120  105 105 105  84  84  84 239  0.19 0.22 0.50 3.63  146 109  80  128  64  64  0.34 1 0.94 1.00 1.00 1.31 128.00 255.00  1.46 256.00 0.18  77  6.00 11.25 11.00  4.25 13.00   0 0.425  0.709804 0.776471 0.917647  0.850980 0.898039 1.000000  0.866667 0.909804 1.000000  0.301961 0.325490 0.360784  1  5.940 0.183 1 0  0.478431 0.478431 0.478431  0.268 0.910 0.000 0.132 0.68 0.488 8.000 0.667 0.688 1 0.026 0.120 0.696 0.993 1.265  0.361 0.361 0.361  0.102  0.568627 0.568627 0.568627  0.000  6.000 0.000 0.685 0.000  24.00 25 26  0.000 0.000 0.98 1 0.000 0.000 555.000 0 0 0.000 0.450 2.350 0.950 1 1.000000 0.925 1.000 2.0 1 1
//9PM
149 162 255  193 208 255   54 110 251  0 48   77   0 123 255  255 255 255  255 255 255  1.0 1.0 1500.00  73.00  119 120 120  105 105 105  84  84  84 239  0.19 0.22 0.50 3.63  111 120  94   87  28  24  0.34 1 0.94 1.00 1.00 1.31 128.00 255.00  1.46 256.00 0.18  77  6.00 11.25 11.00  4.25 13.00   0 0.425  0.713725 0.776471 0.917647  0.843137 0.901961 1.000000  0.858824 0.909804 1.000000  0.301961 0.325490 0.360784  1  5.940 0.183 1 0  0.478431 0.478431 0.478431  0.268 0.910 0.000 0.132 0.68 0.488 8.000 0.667 0.688 1 0.026 0.120 0.696 0.993 1.265  0.361 0.361 0.361  0.102  0.568627 0.568627 0.568627  0.000  6.000 0.000 0.685 0.000  24.00 25 26  0.000 0.000 0.98 1 0.000 0.000 555.000 0 0 0.000 0.450 2.350 0.950 1 2.352941 0.925 1.000 2.0 1 1
//10PM
149 162 255  124 168 255  217 216 255  0 77  179 177 207 255    0   0   0    0   0   0  0.7 0.7 1500.00  50.00   35   9  10   26  30  36   7  10  16 240  1.96 0.09 0.63 0.63  168 196 127  113  29  23  0.43 1 0.80 0.62 1.00 1.66 16.00 128.00 19.88 256.00 0.10   0  1.50  1.75  2.25  1.50 0.00   0 0.225  0.725490 0.811765 1.000000  0.843137 0.901961 1.000000  0.858824 0.909804 1.000000  0.301961 0.325490 0.360784  1  6.613 0.215 1 0  0.478431 0.478431 0.478431  0.368 0.998 0.000 0.132 0.68 0.757 8.000 0.667 0.790 1 0.088 0.400 0.124 0.890 1.265  0.800 0.800 0.800  0.000  0.513725 0.513725 0.513725  0.554  6.000 0.363 0.000 0.045  25.75 25 26  0.199 0.096 0.98 1 0.000 0.000 1000.000 0 0 0.000 0.450 3.000 0.850 1 6.666667 1.000 0.950 2.0 1 1
                                                                                                                                                                                                                                                                                                                                                                                                                                                                                                                                                                                                                                                                                                                                                                         
////////// RAIN
//Amb0            Amb1            Dir            Sky top        Sky bot        SunCore        SunCorona     SunSz  SprBght FarClp   FogSt   LowCloudsRGB  BottomCloudRGB  WaterRGBA      Exposure BPThreshold MidGreyValue IntensityBloom ColourCorrectRGB ColourAddRGB Desaturation Contrast Gamma DesaturationFar ContrastFar GammaFar DepthFxNear DepthFxFar LumMin LumMax LumDelay CloudAlpha DirLightMult AmbLightMult0 AmbLightMult1 SkyLightMult SunMult Temperature   Far DOF   Near DOF   Near Blur DOF   Mid Blur DOF   Far Blur DOF    Water Reflection    Particle HDR    Sprite Size		Global sun multiplier ambient occlusion scaler
//Midnight
119 143 255  114 163 255    0   0   0  0 50   79  44 110 173  255 255 255  255 255 255  1.0 1.0 1500.00  73.00  119 120 120  105 105 105  76  76  76 125  0.17 0.00 0.61 2.70  102 129  65  255  65  51  0.87 1 0.92 0.82 1.00 1.03 16.00 128.00  1.46 256.00 0.11  77  0.00  4.88  4.33  4.50 13.00  10 1.393  0.298039 0.305882 0.325490  0.368627 0.611765 0.886275  0.858824 0.909804 1.000000  0.301961 0.325490 0.360784  1  1.298 0.155 1 0  0.200000 0.200000 0.200000  0.102 1.243 0.000 0.132 0.68 0.757 8.000 0.837 1.700 1 0.354 0.400 1.112 0.842 1.265  0.000 0.000 0.000  0.925  0.843137 0.843137 0.843137  0.164  5.000 0.000 0.685 0.045  25.75 25 26  0.199 0.096 0.98 1 0.000 0.419 130.750 0 0 0.000 0.300 2.375 0.800 1 2.777778 1.000 0.750 2.0 1 1
//5AM
119 143 255  114 163 255    0   0   0  0 50   79  44 110 173  255 255 255  255 255 255  1.0 1.0 1500.00  73.00  119 120 120  105 105 105  76  76  76 125  0.17 0.00 0.61 2.70  115 124  98  204  65  55  0.87 1 0.92 0.82 1.00 1.03 16.00 128.00  1.46 256.00 0.11  77  0.00  4.88  4.33  4.50 13.00  10 1.393  0.298039 0.305882 0.325490  0.368627 0.611765 0.886275  0.858824 0.909804 1.000000  0.301961 0.325490 0.360784  1  1.298 0.155 1 0  0.200000 0.200000 0.200000  0.102 1.243 0.000 0.132 0.68 0.757 8.000 0.837 1.700 1 0.354 0.400 1.112 0.842 1.265  0.000 0.000 0.000  0.925  0.843137 0.843137 0.843137  0.164  5.000 0.000 0.685 0.045  25.75 25 26  0.199 0.096 0.98 1 0.000 0.419 130.750 0 0 0.000 0.300 2.625 0.900 1 2.222222 1.000 0.750 2.0 1 1
//6AM
182 156 255  212 217 255  167 178 255  0 35    2 213 213 244  255 255 255  255 255 255  1.0 1.0 1500.00  72.46  119 120 120  105 105 105  20  19  27 126  0.17 0.00 0.61 3.43  117  82  55  128  64  64  0.45 1 1.06 0.82 1.00 0.96 16.00 128.00  1.46 256.00 0.11  77 14.76  7.53  7.36  9.25 13.00  -2 0.480  0.415686 0.431373 0.462745  0.419608 0.611765 0.882353  0.866667 0.909804 1.000000  0.301961 0.325490 0.360784  1  1.387 0.156 1 0  0.250980 0.254902 0.254902  0.106 1.239 0.000 0.132 0.68 0.753 8.000 0.834 1.678 1 0.349 0.400 1.108 0.843 1.265  0.013 0.013 0.013  0.910  0.839216 0.839216 0.839216  0.161  5.050 0.000 0.685 0.000  24.00 25 26  0.000 0.000 0.98 1 0.000 0.412 145.238 0 0 0.197 1.000 2.025 0.900 1 1.000000 1.000 0.750 2.0 1 1
//7AM
255 252 254  199 166 119  255 255 255  0 63  132 132 122 115  255 255 255  255 255 255  1.0 1.0 1500.00  40.50  119 120 120  105 105 105  20  20  20 239  0.11 0.22 0.50 5.03  161 123  93  128  97  64  0.41 1 0.88 1.00 1.00 0.85 16.00 128.00  1.46 256.00 0.10  77 15.50  9.50 13.75 13.00 13.00   0 0.600  0.505882 0.474510 0.431373  0.956863 0.886275 0.788235  1.000000 0.886275 0.839216  0.360784 0.309804 0.317647  1  6.613 0.215 1 0  0.478431 0.478431 0.478431  0.368 0.998 0.000 0.132 0.68 0.488 8.000 0.667 0.365 1 0.208 0.400 0.846 0.890 1.265  0.800 0.800 0.800  0.000  0.568627 0.568627 0.568627  0.000  8.000 0.000 0.685 0.000  24.00 25 26  0.000 0.000 0.98 1 0.000 0.000 1000.000 0 0 0.000 1.000 1.950 1.300 1 1.000000 1.000 0.725 2.0 1 1
//9AM
156 201 244  222 188 124  255 230 197  0 33   70 175 159  96  255 255 255  255 255 255  1.0 1.0 1500.00 100.83   58  72  40  199 230 196   0   0   0 240  0.15 0.06 0.50 1.28  152 138  85  128  76  64  0.32 1 0.77 0.99 3.25 1.19 15.93 127.60  1.48 255.36 0.10 217 13.25  4.98  5.00  7.25 13.00  -3 0.663  0.811765 0.811765 0.811765  0.815686 0.819608 0.870588  0.764706 0.776471 0.850980  0.894118 0.894118 0.894118  1 10.990 0.055 1 0  0.360784 0.360784 0.360784  0.102 1.243 0.000 0.132 0.68 0.757 8.000 0.667 1.700 1 0.354 0.400 0.124 0.425 1.265  0.769 0.769 0.769  0.192  0.627451 0.623529 0.615686  0.000  5.000 0.000 0.685 0.000  24.00 25 26  0.000 0.000 0.98 1 0.000 0.000 1000.000 0 0 0.275 1.000 1.425 1.000 1 1.000000 1.000 0.750 2.0 1 1
//Midday
156 201 244  222 188 124  255 230 197  0 33   70 189 154  98  255 255 255  255 255 255  1.0 1.0 1500.00 100.83   58  72  40  199 230 196   0   0   0 240  0.15 0.00 0.50 3.65  121 151 129  255 172 128  0.48 1 0.85 1.00 1.00 0.99 15.93 127.60  1.48 255.36 0.10 217 13.25  4.98  5.00  7.25 0.00  -5 0.663  0.811765 0.811765 0.811765  0.815686 0.819608 0.870588  0.764706 0.776471 0.850980  0.894118 0.894118 0.894118  1 10.990 0.055 1 0  0.360784 0.360784 0.360784  0.102 1.243 0.000 0.132 0.68 0.757 8.000 0.667 1.700 1 0.354 0.400 0.124 0.425 1.265  0.769 0.769 0.769  0.192  0.627451 0.623529 0.615686  0.000  5.000 0.000 0.685 0.000  24.00 25 26  0.000 0.000 0.98 1 0.000 0.000 1000.000 0 0 0.275 1.000 2.150 0.800 1 1.000000 1.000 0.750 2.0 1 1
//6PM
156 201 244  222 188 124  255 247 237  0 25   70 202 148 104  255 255 255  255 255 255  1.0 1.0 1500.00 100.83   58  72  40  199 230 196   0   0   0 240  0.15 0.06 0.50 1.28  173 137 104  128  75  64  0.32 1 0.77 1.00 1.00 0.93 15.93 127.60  1.48 255.36 0.10 217  6.75  4.98  5.00  7.25 13.00 -11 0.663  0.811765 0.811765 0.811765  0.815686 0.819608 0.870588  0.764706 0.776471 0.850980  0.894118 0.894118 0.894118  1 10.990 0.055 1 0  0.360784 0.360784 0.360784  0.102 1.243 0.000 0.132 0.68 0.757 8.000 0.667 1.700 1 0.354 0.400 0.124 0.425 1.265  0.769 0.769 0.769  0.192  0.627451 0.623529 0.615686  0.000  5.000 0.000 0.685 0.000  24.00 25 26  0.000 0.000 0.98 1 0.000 0.000 1000.000 0 0 0.275 1.000 2.100 0.900 1 1.000000 1.000 0.750 2.0 1 1
//7PM
198 166 118  251 215 166  255 158 121  0 26    0 243 212 192  255 255 255  255 255 255  1.0 1.0 1500.00  73.00  119 120 120  105 105 105  27  18  12 125  0.17 0.00 0.61 2.88  151 113  84  128  72  64  0.73 1 0.92 0.82 1.00 0.96 16.00 128.00  1.46 256.00 0.11  77 14.75  7.50  7.25  7.50 13.00  -6 0.913  0.447059 0.427451 0.400000  0.725490 0.576471 0.309804  1.000000 0.886275 0.839216  0.360784 0.309804 0.317647  1  1.298 0.155 1 0  0.250980 0.250980 0.250980  0.102 1.243 0.000 0.132 0.68 0.757 8.000 0.837 1.700 1 0.354 0.400 1.112 0.842 1.265  0.000 0.000 0.000  0.925  0.894118 0.827451 0.807843  0.164  5.000 0.000 0.685 0.000  24.00 25 26  0.000 0.000 0.98 1 0.000 0.419 130.750 0 0 0.200 1.000 1.775 0.850 1 1.000000 1.000 0.750 2.0 1 1
//8PM
254 253 255  143 167 255  228 229 255  0 44   38  50  51  68  255 255 255  255 255 255  1.0 1.0 1500.00  73.00  119 120 120  105 105 105  31  31  37 239  0.11 0.01 0.50 1.39  131  95  67  128  64  64  0.63 1 0.72 1.00 1.00 1.13 16.00 128.00  1.46 256.00 0.10  77  7.90  9.35  7.09 11.50 13.00  -4 0.505  0.913725 0.929412 0.964706  0.850980 0.898039 1.000000  0.866667 0.909804 1.000000  0.301961 0.325490 0.360784  1  6.613 0.215 1 0  0.478431 0.478431 0.478431  0.368 0.998 0.000 0.132 0.68 0.757 8.000 0.667 1.700 1 0.088 0.400 0.124 0.890 1.265  0.800 0.800 0.800  0.140  0.749020 0.749020 0.749020  0.164  8.000 0.000 0.685 0.000  24.00 25 26  0.000 0.000 0.98 1 0.000 0.000 1000.000 0 0 0.450 1.000 1.575 1.500 1 1.000000 1.000 0.701 2.0 1 1
//9PM
157 167 255  129 170 255    0   0   0  0 50  134  99 139 192  255 255 255  255 255 255  0.8 0.8 1500.00 100.88   58  72  40  199 230 196  20  24  32 240  0.24 0.20 0.50 4.03  120 129 103  204  65  55  0.65 1 0.78 0.32 1.00 0.93 15.93 127.58  1.48 255.32 0.10 217  0.00  3.12  3.13  3.50 13.00   5 1.500  0.811765 0.811765 0.811765  0.800000 0.827451 0.874510  0.741176 0.780392 0.854902  0.870588 0.898039 0.933333  1 10.990 0.055 1 0  0.360784 0.360784 0.360784  0.102 1.243 0.000 0.132 0.68 0.757 8.000 0.667 1.700 1 0.354 0.400 0.124 0.425 1.265  0.769 0.769 0.769  0.192  0.619608 0.619608 0.619608  0.000  5.000 0.000 0.685 0.000  24.00 25 26  0.000 0.000 0.98 1 0.000 0.000 1000.000 0 0 0.275 1.000 2.125 0.750 2 2.857143 1.000 1.000 2.0 1 1
//10PM
188 192 255  167 192 255  232 232 255  0 46  134  99 139 192  255 255 255  255 255 255  0.8 0.8 1500.00 100.88   58  72  40  199 230 196  18  38  61 240  0.24 0.20 0.50 4.03  107 134  70  255  65  51  0.65 1 0.78 0.32 1.00 0.93 15.93 127.58  1.48 255.32 0.10 217  9.75  2.23  2.25  3.50 13.00   5 1.500  0.811765 0.811765 0.811765  0.800000 0.827451 0.874510  0.741176 0.780392 0.854902  0.870588 0.898039 0.933333  1 10.990 0.055 1 0  0.360784 0.360784 0.360784  0.102 1.243 0.000 0.132 0.68 0.757 8.000 0.667 1.700 1 0.354 0.400 0.124 0.425 1.265  0.769 0.769 0.769  0.192  0.619608 0.619608 0.619608  0.000  5.000 0.000 0.685 0.045  25.75 25 26  0.199 0.096 0.98 1 0.000 0.000 1000.000 0 0 0.275 1.000 1.650 0.800 2 2.857143 1.000 1.000 2.0 1 1
                                                                                                                                                                                                                                                                                                                                                                                                                                                                                                                                                                                                                                                                                                                                                                         
////////// DRIZZLE
//Amb0            Amb1            Dir            Sky top        Sky bot        SunCore        SunCorona     SunSz  SprBght FarClp   FogSt   LowCloudsRGB  BottomCloudRGB  WaterRGBA      Exposure BPThreshold MidGreyValue IntensityBloom ColourCorrectRGB ColourAddRGB Desaturation Contrast Gamma DesaturationFar ContrastFar GammaFar DepthFxNear DepthFxFar LumMin LumMax LumDelay CloudAlpha DirLightMult AmbLightMult0 AmbLightMult1 SkyLightMult SunMult Temperature   Far DOF   Near DOF   Near Blur DOF   Mid Blur DOF   Far Blur DOF    Water Reflection    Particle HDR    Sprite Size		Global sun multiplier ambient occlusion scaler
//Midnight
188 192 255  167 192 255  232 232 255  0 37  134  99 139 192  255 255 255  255 255 255  1.0 1.0 1500.00 100.88   58  72  40  199 230 196  18  38  61 240  0.19 0.20 0.50 4.03  107 134  70  255  65  51  0.65 1 0.78 0.32 1.00 1.28 15.93 127.58  1.48 255.32 0.10 217  4.00  2.23  2.25  3.50 13.00  -1 0.690  0.811765 0.811765 0.811765  0.800000 0.827451 0.874510  0.741176 0.780392 0.854902  0.870588 0.898039 0.933333  1 10.990 0.055 1 0  0.361000 0.361000 0.361000  0.102 1.243 0.000 0.132 0.68 0.757 8.000 0.667 1.700 1 0.354 0.400 0.124 0.425 1.265  0.769 0.769 0.769  0.192  0.619608 0.619608 0.619608  0.000  5.000 0.000 0.685 0.045  25.75 25 26  0.199 0.096 0.98 1 0.000 0.000 1000.000 0 0 0.275 1.000 2.200 0.850 1 2.857143 0.550 1.000 1.1 1 1
//5AM
138 154 255  106 160 255    0   0   0  0 31  174  99 139 192  255 255 255  255 255 255  1.0 1.0 1500.00 100.88   58  72  40  199 230 196  18  38  61 240  0.25 0.20 0.50 4.03  120 129 103  204  65  55  0.65 1 0.78 0.32 1.00 0.93 15.93 127.58  1.48 255.32 0.10 217  0.00  3.58  3.59  3.50 13.00  -1 0.690  0.811765 0.811765 0.811765  0.800000 0.827451 0.874510  0.741176 0.780392 0.854902  0.870588 0.898039 0.933333  1 10.990 0.055 1 0  0.361000 0.361000 0.361000  0.102 1.243 0.000 0.132 0.68 0.757 8.000 0.667 1.700 1 0.354 0.400 0.124 0.425 1.265  0.769 0.769 0.769  0.192  0.619608 0.619608 0.619608  0.000  5.000 0.000 0.685 0.045  25.75 25 26  0.199 0.096 0.98 1 0.000 0.101 1000.000 0 0 0.275 1.000 2.675 0.850 1 2.857143 1.000 0.525 1.1 1 1
//6AM
172 146 253  197 205 255    0   0   0  0 27   58 158 160 206  255 255 255  255 255 255  1.0 1.0 1500.00 100.00   58  72  40  199 230 196  33  36  60 240  0.15 0.16 0.50 2.68  172 133 103  128  64  64  0.80 1 0.75 0.32 1.00 1.23 16.00 128.00  1.46 256.00 0.10 217  0.00  7.15  4.91  4.75 0.00  -1 0.308  0.811765 0.811765 0.811765  0.803922 0.823529 0.874510  0.745098 0.780392 0.854902  0.870588 0.898039 0.933333  1 10.990 0.055 1 0  0.361000 0.361000 0.361000  0.102 1.243 0.000 0.132 0.68 0.757 8.000 0.667 1.700 1 0.354 0.400 0.124 0.425 1.265  0.769 0.769 0.769  0.192  0.741176 0.741176 0.741176  0.000  5.000 0.000 0.685 0.000  24.00 25 26  0.000 0.000 0.98 1 0.000 0.062 1000.000 0 0 0.275 1.000 1.575 1.000 1 1.000000 1.000 0.925 2.0 1 1
//7AM
255 172 210  222 187 139  255 228 218  0 24   58 197 155 122  255 255 255  255 255 255  1.0 1.0 1500.00 100.00   58  72  40  199 230 196  53  33  15 240  0.15 0.16 0.50 5.40  172 133 103  128  97  64  0.40 1 0.75 0.32 1.00 0.93 16.00 128.00  1.46 256.00 0.10 217  6.25  4.50  4.75 11.00 0.00   5 0.308  0.811765 0.811765 0.811765  0.854902 0.819608 0.772549  0.854902 0.760784 0.721569  0.941176 0.882353 0.886275  1 10.990 0.055 1 0  0.361000 0.361000 0.361000  0.102 1.243 0.000 0.132 0.68 0.757 8.000 0.667 1.700 1 0.354 0.400 0.124 0.425 1.265  0.769 0.769 0.769  0.192  0.741176 0.741176 0.741176  0.000  5.000 0.000 0.685 0.000  24.00 25 26  0.000 0.000 0.98 1 0.000 0.062 1000.000 0 0 0.275 1.000 1.000 1.000 1 1.000000 1.000 0.925 2.0 1 1
//9AM
156 201 244  222 188 124  255 230 197  0 24   58 240 240 240  255 255 255  255 255 255  1.0 1.0 1500.00 100.00   58  72  40  199 230 196   0   0   0 240  0.15 0.16 0.50 5.40  157 143  90  128  76  64  0.40 1 0.75 0.32 1.00 0.93 16.00 128.00  1.46 256.00 0.10 217  6.25  4.50  4.75 11.00 0.00   5 0.308  0.811765 0.811765 0.811765  0.815686 0.819608 0.870588  0.764706 0.776471 0.850980  0.894118 0.894118 0.894118  1 10.990 0.055 1 0  0.361000 0.361000 0.361000  0.102 1.243 0.000 0.132 0.68 0.757 8.000 0.667 1.700 1 0.354 0.400 0.124 0.425 1.265  0.769 0.769 0.769  0.192  0.741176 0.741176 0.741176  0.000  5.000 0.000 0.685 0.000  24.00 25 26  0.000 0.000 0.98 1 0.000 0.062 1000.000 0 0 0.250 0.725 1.650 0.800 1 1.000000 1.000 0.925 2.0 1 1
//Midday
156 201 244  222 188 124  255 230 197  0 20   58 249 228 201  255 255 255  255 255 255  1.0 1.0 1500.00 100.00   58  72  40  199 230 196  48  35  12 240  0.15 0.16 0.50 5.40  121 151 129  255 172 128  0.40 1 0.75 0.32 1.00 0.93 16.00 128.00  1.46 256.00 0.10 217  6.25  6.25  4.75 11.00 0.00   5 0.308  0.811765 0.811765 0.811765  0.815686 0.819608 0.870588  0.764706 0.776471 0.850980  0.894118 0.894118 0.894118  1 10.990 0.055 1 0  0.361000 0.361000 0.361000  0.102 1.243 0.000 0.132 0.68 0.757 8.000 0.667 1.700 1 0.354 0.400 0.124 0.425 1.265  0.769 0.769 0.769  0.192  0.741176 0.741176 0.741176  0.000  5.000 0.000 0.685 0.000  24.00 25 26  0.000 0.000 0.98 1 0.000 0.062 1000.000 0 0 0.250 0.725 1.000 0.900 1 1.000000 1.000 0.925 2.0 1 1
//6PM
156 201 244  222 188 124  255 230 197  0 24   58 240 240 240  255 255 255  255 255 255  1.0 1.0 1500.00 100.00   58  72  40  199 230 196  53  33  15 240  0.15 0.16 0.50 5.40  173 137 104  128  75  64  0.40 1 0.75 0.32 1.00 0.93 16.00 128.00  1.46 256.00 0.10 217  6.25  4.50  4.75 11.00 0.00   5 0.308  0.811765 0.811765 0.811765  0.815686 0.819608 0.870588  0.764706 0.776471 0.850980  0.894118 0.894118 0.894118  1 10.990 0.055 1 0  0.361000 0.361000 0.361000  0.102 1.243 0.000 0.132 0.68 0.757 8.000 0.667 1.700 1 0.354 0.400 0.124 0.425 1.265  0.769 0.769 0.769  0.192  0.741176 0.741176 0.741176  0.000  5.000 0.000 0.685 0.000  24.00 25 26  0.000 0.000 0.98 1 0.000 0.062 1000.000 0 0 0.250 0.725 1.000 0.950 1 1.000000 1.000 0.925 2.0 1 1
//7PM
226 191 143  222 187 139  255 228 218  0 22   58 240 240 240  255 255 255  255 255 255  1.0 1.0 1500.00 100.00   58  72  40  199 230 196  54  32  16 240  0.15 0.16 0.50 5.40  175 136 106  128  72  64  0.40 1 0.76 0.32 1.00 0.93 16.00 128.00  1.46 256.00 0.10 217  6.25  4.50  4.75  7.25 0.00   5 0.308  0.811765 0.811765 0.811765  0.854902 0.819608 0.772549  0.854902 0.760784 0.721569  0.941176 0.882353 0.886275  1 10.990 0.055 1 0  0.361000 0.361000 0.361000  0.102 1.243 0.000 0.132 0.68 0.757 8.000 0.667 1.700 1 0.354 0.400 0.124 0.425 1.265  0.769 0.769 0.769  0.192  0.741176 0.741176 0.741176  0.000  5.000 0.000 0.685 0.000  24.00 25 26  0.000 0.000 0.98 1 0.000 0.062 1000.000 0 0 0.250 0.725 1.000 0.850 1 1.000000 1.000 0.925 2.0 1 1
//8PM
165 139 246  115 151 255    0   0   0  0 26  200 177 177 209  255 255 255  255 255 255  1.4 1.4 1500.00 100.83   58  72  40  199 230 196  33  36  60 240  0.18 0.20 0.50 5.41  161 123  93  128  64  64  0.69 1 0.74 0.32 1.00 1.01 15.93 127.60  1.48 255.36 0.10 217  0.00  4.09  4.10  5.00 13.00   5 0.872  0.831373 0.831373 0.831373  0.803922 0.823529 0.874510  0.745098 0.780392 0.854902  0.870588 0.898039 0.933333  1 10.990 0.055 1 0  0.361000 0.361000 0.361000  0.102 1.243 0.000 0.132 0.68 0.757 8.000 0.667 1.700 1 0.354 0.400 0.124 0.425 1.265  0.769 0.769 0.769  0.192  0.623529 0.623529 0.623529  0.000  5.000 0.000 0.685 0.000  24.00 25 26  0.000 0.000 0.98 1 0.000 0.055 1000.000 0 0 0.275 1.000 1.650 0.950 1 1.000000 1.000 0.825 2.0 1 1
//9PM
157 167 255  129 170 255    0   0   0  0 27  200 164 181 211  255 255 255  255 255 255  1.0 1.0 1500.00 100.83   58  72  40  199 230 196  18  38  61 240  0.15 0.20 0.50 5.41  125 134 108  204  65  55  0.40 1 0.72 0.32 1.00 0.93 15.93 127.60  1.48 255.36 0.10 217  0.00  4.49  4.50  3.00 13.00   5 0.477  0.831373 0.831373 0.831373  0.800000 0.827451 0.874510  0.741176 0.780392 0.854902  0.870588 0.898039 0.933333  1 10.990 0.055 1 0  0.361000 0.361000 0.361000  0.102 1.243 0.000 0.132 0.68 0.757 8.000 0.667 1.700 1 0.354 0.400 0.124 0.425 1.265  0.769 0.769 0.769  0.192  0.631373 0.631373 0.631373  0.000  5.000 0.000 0.685 0.000  24.00 25 26  0.000 0.000 0.98 1 0.000 0.055 1000.000 0 0 0.275 1.000 2.800 0.900 1 3.333333 1.000 0.825 2.0 1 1
//10PM
135 153 255  102 158 255    0   0   0  0 25  200 164 181 211  255 255 255  255 255 255  1.4 1.4 1500.00 100.83   58  72  40  199 230 196  18  38  61 240  0.15 0.20 0.50 5.41  112 139  75  255  65  51  0.69 1 0.72 0.32 1.00 0.93 15.93 127.60  1.48 255.36 0.10 217  0.00  4.19  4.20  3.00 13.00   5 0.872  0.831373 0.831373 0.831373  0.800000 0.827451 0.874510  0.741176 0.780392 0.854902  0.870588 0.898039 0.933333  1 10.990 0.055 1 0  0.361000 0.361000 0.361000  0.102 1.243 0.000 0.132 0.68 0.757 8.000 0.667 1.700 1 0.354 0.400 0.124 0.425 1.265  0.769 0.769 0.769  0.192  0.631373 0.631373 0.631373  0.000  5.000 0.000 0.685 0.045  25.75 25 26  0.199 0.096 0.98 1 0.000 0.055 1000.000 0 0 0.275 1.000 3.000 0.950 1 3.333333 1.000 0.825 2.0 1 1
                                                                                                                                                                                                                                                                                                                                                                                                                                                                                                                                                                                                                                                                                                                                                                         
////////// FOGGY
//Amb0            Amb1            Dir            Sky top        Sky bot        SunCore        SunCorona     SunSz  SprBght FarClp   FogSt   LowCloudsRGB  BottomCloudRGB  WaterRGBA      Exposure BPThreshold MidGreyValue IntensityBloom ColourCorrectRGB ColourAddRGB Desaturation Contrast Gamma DesaturationFar ContrastFar GammaFar DepthFxNear DepthFxFar LumMin LumMax LumDelay CloudAlpha DirLightMult AmbLightMult0 AmbLightMult1 SkyLightMult SunMult Temperature   Far DOF   Near DOF   Near Blur DOF   Mid Blur DOF   Far Blur DOF    Water Reflection    Particle HDR    Sprite Size		Global sun multiplier ambient occlusion scaler
//Midnight
208 209 255  250 251 255  222 222 222  0 12  218 200 215 243  255 255 255  255 255 255  1.2 1.2 1500.00  79.00  119 120 120  105 105 105  42  48  58 239  0.23 0.00 0.65 2.18  102 129  65  255  65  51  0.55 1 0.85 1.00 1.00 2.00 16.00 128.00  1.46 256.00 0.10  77  1.30  2.53  2.24  2.50 13.00  -8 0.527  0.745098 0.827451 1.000000  0.843137 0.901961 1.000000  0.858824 0.909804 1.000000  0.301961 0.325490 0.360784  1  6.613 0.215 1 0  0.478000 0.478000 0.478000  0.368 0.000 0.000 0.132 0.68 0.488 8.000 0.667 0.365 1 0.026 0.400 0.846 0.000 1.265  0.800 0.800 0.800  0.000  0.568627 0.568627 0.568627  0.000  6.000 0.000 0.685 0.045  25.75 25 26  0.199 0.096 0.98 1 0.000 0.123 1000.000 0 0 0.400 1.000 1.900 0.800 2 4.000000 1.000 0.900 0.2 2 1
//5AM
208 209 255  250 251 255  222 222 222  0 16  218 200 215 243  255 255 255  255 255 255  1.2 1.2 1500.00  79.00  119 120 120  105 105 105  18  38  61 239  0.23 0.00 0.65 2.18  115 124  98  204  65  55  0.55 1 0.85 1.00 1.00 2.00 16.00 128.00  1.46 256.00 0.10  77  1.30  2.53  2.24  2.50 13.00  -8 0.527  0.698039 0.796078 1.000000  0.843137 0.901961 1.000000  0.858824 0.909804 1.000000  0.301961 0.325490 0.360784  1  6.613 0.215 1 0  0.478000 0.478000 0.478000  0.368 0.000 0.000 0.132 0.68 0.488 8.000 0.667 0.365 1 0.026 0.400 0.846 0.000 1.265  0.800 0.800 0.800  0.000  0.568627 0.568627 0.568627  0.000  6.000 0.000 0.685 0.045  25.75 25 26  0.199 0.096 0.98 1 0.000 0.148 1000.000 0 0 0.400 1.000 2.400 0.750 2 4.000000 1.000 0.900 0.2 2 1
//6AM
221 205 255  250 251 255  222 222 222  0 24  218 212 212 241  255 255 255  255 255 255  1.5 1.5 1500.00  79.00  119 120 120  105 105 105  31  31  31 239  0.23 0.00 0.65 2.18  151 113  84  128  64  64  0.55 1 0.85 1.00 1.00 1.49 16.00 128.00  1.46 256.00 0.10  77  1.30  2.53  2.24  2.50 13.00  -8 0.527  0.737255 0.827451 1.000000  0.850980 0.898039 1.000000  0.866667 0.909804 1.000000  0.301961 0.325490 0.360784  1  6.613 0.215 1 0  0.478000 0.478000 0.478000  0.368 0.000 0.000 0.132 0.68 0.488 8.000 0.667 0.365 1 0.026 0.400 0.846 0.000 1.265  0.800 0.800 0.800  0.000  0.568627 0.568627 0.568627  0.000  6.000 0.000 0.685 0.000  24.00 25 26  0.000 0.000 0.98 1 0.000 0.149 1000.000 0 0 0.400 1.000 2.350 0.850 2 1.000000 1.000 0.900 0.2 2 1
//7AM
255 208 228  255 228 192  255 254 254  0 24  161 159 134 119  255 255 255  255 255 255  2.4 2.4 1500.00  73.00  119 120 120  105 105 105  55  32  17 239  0.10 0.00 0.61 2.88  153 115  86   52  26  26  0.36 1 0.76 1.00 1.00 0.85 16.00 128.00  1.46 256.00 0.10  77 15.00  9.50  8.50 14.50 13.00 -10 0.500  0.921569 0.807843 0.647059  0.725490 0.576471 0.309804  1.000000 0.886275 0.839216  0.360784 0.309804 0.317647  1  1.860 0.203 1 0  0.478000 0.478000 0.478000  0.396 0.000 0.000 0.132 0.68 0.757 8.000 0.667 1.700 1 0.088 0.400 0.124 0.000 1.265  0.800 0.800 0.800  0.140  0.945098 0.772549 0.721569  0.164  5.000 0.000 0.685 0.000  24.00 25 26  0.000 0.000 0.98 1 0.000 0.101  25.000 0 0 0.300 1.000 1.000 1.200 2 1.000000 1.000 0.000 2.0 1 1
//9AM
195 224 255  255 255 255  255 255 255  0 35  196 116 129 143  255 255 255  255 255 255  2.4 2.4 1500.00  73.00  119 120 120  105 105 105   5  40  61 239  0.14 0.00 0.61 2.88  145 111  79  128  72  72  0.38 1 1.25 1.00 1.00 0.60 16.00 128.00  1.46 256.00 0.10  77  6.25  9.50  8.50 19.50 4.50 -10 0.500  0.756863 0.823529 1.000000  0.505882 0.584314 0.874510  0.890196 0.901961 1.000000  0.321569 0.321569 0.321569  1  1.860 0.203 1 0  0.478000 0.478000 0.478000  0.396 0.000 0.000 0.132 0.68 0.757 8.000 0.667 1.700 1 0.088 0.400 0.124 0.000 1.265  0.800 0.800 0.800  0.140  0.874510 0.800000 0.674510  0.164  5.000 0.000 0.685 0.000  24.00 25 26  0.000 0.000 0.98 1 0.000 0.119  25.000 0 0 0.300 1.000 1.000 1.050 2 1.000000 1.000 0.000 2.0 1 1
//Midday
195 224 255  255 255 255  255 255 255  0 26  196 116 129 143  255 255 255  255 255 255  2.4 2.4 1500.00  73.00  119 120 120  105 105 105   5  40  61 239  0.14 0.00 0.61 2.88  117 118 117   34  77 128  0.38 1 1.13 1.00 1.00 0.60 16.00 128.00  1.46 256.00 0.10  77  6.25  9.50  8.50 19.50 4.50 -10 0.500  0.756863 0.823529 1.000000  0.505882 0.584314 0.874510  0.890196 0.901961 1.000000  0.321569 0.321569 0.321569  1  1.860 0.203 1 0  0.478000 0.478000 0.478000  0.396 0.000 0.000 0.132 0.68 0.757 8.000 0.667 1.700 1 0.088 0.400 0.124 0.000 1.265  0.800 0.800 0.800  0.140  0.874510 0.800000 0.674510  0.164  5.000 0.000 0.685 0.000  24.00 25 26  0.000 0.000 0.98 1 0.000 0.119  25.000 0 0 0.300 1.000 1.000 1.000 2 1.000000 1.000 0.000 2.0 1 1
//6PM
195 224 255  255 229 182  255 233 204  0 33  161   0 135 255  255 255 255  255 255 255  1.0 1.0 1500.00  73.00  119 120 120  105 105 105   5  40  61 239  0.14 0.00 0.61 2.88  151 116  84  128  72  72  0.16 1 1.00 0.00 1.00 0.85 16.00 128.00  1.46 256.00 0.10  77 20.75  9.50  8.50 14.50 13.00 -10 0.500  0.756863 0.823529 1.000000  0.505882 0.584314 0.874510  0.890196 0.901961 1.000000  0.321569 0.321569 0.321569  1  1.860 0.203 1 0  0.478000 0.478000 0.478000  0.396 0.000 0.000 0.132 0.68 0.757 8.000 0.667 1.700 1 0.088 0.400 0.124 0.000 1.265  0.800 0.800 0.800  0.140  0.874510 0.800000 0.674510  0.164  6.000 0.000 0.685 0.000  24.00 25 26  0.000 0.000 0.98 1 0.000 0.020  25.000 0 0 0.300 1.000 1.000 1.000 1 1.000000 1.000 0.000 2.0 1 1
//7PM
250 215 165  255 255 255  255 255 255  0 43  182 226 177 146  255 255 255  255 255 255  1.0 1.0 1500.00  73.00  119 120 120  105 105 105  55  32  17 239  0.34 0.00 0.61 2.88  147 110  81   52  26  26  0.38 1 0.89 1.00 1.00 1.11 16.00 128.00  1.46 256.00 0.10  77  1.50  2.00  2.00  3.50 13.00 -10 0.500  0.921569 0.807843 0.647059  0.725490 0.576471 0.309804  1.000000 0.882353 0.831373  0.360784 0.309804 0.317647  1  1.860 0.203 1 0  0.478000 0.478000 0.478000  0.396 0.000 0.000 0.132 0.68 0.757 8.000 0.667 1.700 1 0.088 0.400 0.124 0.000 1.265  0.800 0.800 0.800  0.140  0.921569 0.921569 0.921569  0.164  6.000 0.000 0.685 0.000  24.00 25 26  0.000 0.000 0.98 1 0.000 0.124  25.000 0 0 0.300 1.000 1.000 0.500 1 1.000000 1.000 0.000 2.0 1 1
//8PM
225 212 255  254 254 255  246 246 246  0 34  182 182 183 232  255 255 255  255 255 255  1.2 1.2 1500.00  73.00  119 120 120  105 105 105  33  36  60 239  0.29 0.00 0.61 2.19  134  98  70  128  64  64  0.39 1 0.72 1.00 1.00 1.49 16.00 128.00  1.46 256.00 0.10  77  1.45  2.14  2.07  3.30 5.00   0 0.527  0.458824 0.478431 0.525490  0.850980 0.898039 1.000000  0.866667 0.909804 1.000000  0.301961 0.325490 0.360784  1  6.613 0.215 1 0  0.478000 0.478000 0.478000  0.368 0.000 0.000 0.132 0.68 0.488 8.000 0.667 0.365 1 0.026 0.400 0.846 0.000 1.265  0.800 0.800 0.800  0.000  0.458824 0.458824 0.458824  0.000  6.000 0.000 0.685 0.000  24.00 25 26  0.000 0.000 0.98 1 0.000 0.090 1000.000 0 0 0.300 1.000 2.100 0.750 2 1.000000 1.000 0.400 2.0 1 1
//9PM
208 209 255  250 251 255  222 222 222  0 39  218 200 215 243  255 255 255  255 255 255  1.2 1.2 1500.00  73.00  119 120 120  105 105 105  18  38  61 239  0.23 0.00 0.65 2.70  115 124  98  204  65  55  0.43 1 0.90 1.00 1.00 1.80 16.00 128.00  1.46 256.00 0.10  77  1.32  2.53  2.24  2.70 13.00 -10 0.500  0.745098 0.827451 1.000000  0.843137 0.901961 1.000000  0.858824 0.909804 1.000000  0.301961 0.325490 0.360784  1  6.613 0.215 1 0  0.478000 0.478000 0.478000  0.368 0.000 0.000 0.132 0.68 0.488 8.000 0.667 0.365 1 0.026 0.400 0.846 0.000 1.265  0.800 0.800 0.800  0.000  0.568627 0.568627 0.568627  0.000  6.000 0.000 0.685 0.000  24.00 25 26  0.000 0.000 0.98 1 0.000 0.000 1000.000 0 0 0.300 1.000 2.000 0.800 2 3.703704 1.000 0.400 2.0 1 1
//10PM
185 189 255  239 243 255  138 138 138  0 37  218 200 215 243  255 255 255  255 255 255  1.2 1.2 1500.00  73.00  119 120 120  105 105 105  18  38  61 239  0.23 0.00 0.65 2.49  102 129  65  255  65  51  0.57 1 0.90 1.00 1.00 1.65 16.00 128.00  1.46 256.00 0.10  77  0.82  4.01  2.91  2.70 13.00 -10 0.500  0.745098 0.827451 1.000000  0.843137 0.901961 1.000000  0.858824 0.909804 1.000000  0.301961 0.325490 0.360784  1  6.613 0.215 1 0  0.478000 0.478000 0.478000  0.368 0.000 0.000 0.132 0.68 0.488 8.000 0.667 0.365 1 0.026 0.400 0.846 0.000 1.265  0.800 0.800 0.800  0.000  0.568627 0.568627 0.568627  0.000  6.000 0.000 0.685 0.045  25.75 25 26  0.199 0.096 0.98 1 0.000 0.000 1000.000 0 0 0.300 1.000 1.825 0.850 2 3.703704 1.000 0.400 2.0 1 1
                                                                                                                                                                                                                                                                                                                                                                                                                                                                                                                                                                                                                                                                                                                                                                         
////////// LIGHTNING
//Amb0            Amb1            Dir            Sky top        Sky bot        SunCore        SunCorona     SunSz  SprBght FarClp   FogSt   LowCloudsRGB  BottomCloudRGB  WaterRGBA      Exposure BPThreshold MidGreyValue IntensityBloom ColourCorrectRGB ColourAddRGB Desaturation Contrast Gamma DesaturationFar ContrastFar GammaFar DepthFxNear DepthFxFar LumMin LumMax LumDelay CloudAlpha DirLightMult AmbLightMult0 AmbLightMult1 SkyLightMult SunMult Temperature   Far DOF   Near DOF   Near Blur DOF   Mid Blur DOF   Far Blur DOF    Water Reflection    Particle HDR    Sprite Size		Global sun multiplier ambient occlusion scaler
//Midnight
132 151 255  136 174 255    0   0   0  0 57   79  73  84 101  255 255 255  255 255 255  1.0 1.0 1500.00  73.00  119 120 120  105 105 105  76  76  76 125  0.17 0.00 0.61 2.88  102 129  65  255  65  51  0.86 1 0.92 0.82 1.00 0.96 16.00 128.00  1.46 256.00 0.11  77  0.00  5.02  5.53  4.50 13.00 -12 1.393  0.298039 0.305882 0.325490  0.368627 0.611765 0.886275  0.858824 0.909804 1.000000  0.301961 0.325490 0.360784  1  1.298 0.155 1 0  0.200000 0.200000 0.200000  0.102 1.243 0.000 0.132 0.68 0.757 8.000 0.837 1.700 1 0.354 0.400 1.112 0.842 1.265  0.000 0.000 0.000  0.925  0.843137 0.843137 0.843137  0.164  5.000 0.000 0.685 0.045  25.75 25 26  0.199 0.096 0.98 1 0.000 0.419 130.750 0 0 0.000 0.300 2.250 0.850 1 2.777778 1.000 0.750 2.0 1 1
//5AM
126 147 255  111 162 255    0   0   0  0 31   79  79  90 109  255 255 255  255 255 255  1.0 1.0 1500.00  73.00  119 120 120  105 105 105  76  76  76 125  0.17 0.00 0.61 2.88  115 124  98  204  65  55  0.86 1 0.92 0.82 1.00 0.96 16.00 128.00  1.46 256.00 0.11  77  0.00  4.51  4.76  4.50 13.00  -7 1.393  0.298039 0.305882 0.325490  0.368627 0.611765 0.886275  0.858824 0.909804 1.000000  0.301961 0.325490 0.360784  1  1.298 0.155 1 0  0.200000 0.200000 0.200000  0.102 1.243 0.000 0.132 0.68 0.757 8.000 0.837 1.700 1 0.354 0.400 1.112 0.842 1.265  0.000 0.000 0.000  0.925  0.843137 0.843137 0.843137  0.164  5.000 0.000 0.685 0.045  25.75 25 26  0.199 0.096 0.98 1 0.000 0.419 130.750 0 0 0.000 0.300 2.575 0.750 1 2.222222 1.000 0.750 2.0 1 1
//6AM
254 253 255  143 167 255  255 255 255  0 25  132 111 113 157  255 255 255  255 255 255  1.0 1.0 1500.00  40.50  119 120 120  105 105 105  48  48  48 239  0.20 0.22 0.50 5.03  161 123  93  161  64  64  0.41 1 0.96 1.00 1.00 1.00 16.00 128.00  1.46 256.00 0.10  77  7.00  4.20  7.00  6.50 0.00   0 0.960  0.458824 0.478431 0.525490  0.850980 0.898039 1.000000  0.866667 0.909804 1.000000  0.301961 0.325490 0.360784  1  6.613 0.215 1 0  0.478000 0.478000 0.478000  0.368 0.998 0.000 0.132 0.68 0.488 8.000 0.667 0.365 1 0.026 0.400 0.846 0.890 1.265  0.800 0.800 0.800  0.000  0.568627 0.568627 0.568627  0.000  8.000 0.000 0.685 0.000  24.00 25 26  0.000 0.000 0.98 1 0.000 0.140 1000.000 0 0 0.000 1.000 1.750 0.900 1 1.000000 1.000 0.725 2.0 1 1
//7AM
255 191 219  217 183 135   96  96  96  0  0  132 132 122 115  255 255 255  255 255 255  1.0 1.0 1500.00  40.50  119 120 120  105 105 105  53  33  15 239  0.22 0.22 0.50 3.52  151 113  84  128  97  64  0.65 1 0.88 1.00 1.00 1.23 16.00 128.00  1.46 256.00 0.10  77  2.93  6.30  6.20  6.50 0.00   0 1.045  0.505882 0.474510 0.431373  0.956863 0.886275 0.788235  1.000000 0.886275 0.839216  0.360784 0.309804 0.317647  1  6.613 0.215 1 0  0.478000 0.478000 0.478000  0.368 0.998 0.000 0.132 0.68 0.488 8.000 0.667 0.365 1 0.026 0.400 0.846 0.890 1.265  0.800 0.800 0.800  0.000  0.568627 0.568627 0.568627  0.000  8.000 0.000 0.685 0.000  24.00 25 26  0.000 0.000 0.98 1 0.000 0.314 1000.000 0 0 0.000 1.000 1.000 0.900 1 1.000000 1.000 0.725 2.0 1 1
//9AM
148 193 236  227 194 129   48  48  48  0  0  132 128 124 113  255 255 255  255 255 255  1.0 1.0 1500.00  40.50  119 120 120  105 105 105  41  41  41 239  0.26 0.22 0.50 2.92  143 131  78  128  76  64  0.75 1 1.09 1.00 1.00 1.26 16.00 128.00  1.46 256.00 0.10  77  1.49  7.03  5.82 10.75 0.00   0 1.045  0.462745 0.478431 0.525490  0.874510 0.890196 1.000000  0.890196 0.901961 1.000000  0.321569 0.321569 0.321569  1  6.613 0.215 1 0  0.478000 0.478000 0.478000  0.368 0.998 0.000 0.132 0.68 0.488 8.000 0.667 0.365 1 0.026 0.400 0.846 0.890 1.265  0.800 0.800 0.800  0.000  0.568627 0.568627 0.568627  0.000  8.000 0.000 0.685 0.000  24.00 25 26  0.000 0.000 0.98 1 0.000 0.314 1000.000 0 0 0.000 1.000 1.000 0.850 1 1.000000 1.000 0.725 2.0 1 1
//Midday
251 253 255  199 167 103  255 255 255  0  0  132 130 123 114  255 255 255  255 255 255  1.0 1.0 1500.00  40.50  119 120 120  105 105 105  48  48  48 239  0.28 0.22 0.50 5.03  108 138 116  255 172 128  0.41 1 0.90 1.00 1.00 0.85 16.00 128.00  1.46 256.00 0.10  77  7.00  4.20  7.00  7.25 0.00   0 0.600  0.462745 0.478431 0.525490  0.874510 0.890196 1.000000  0.890196 0.901961 1.000000  0.321569 0.321569 0.321569  1  6.613 0.215 1 0  0.478000 0.478000 0.478000  0.368 0.998 0.000 0.132 0.68 0.488 8.000 0.667 0.365 1 0.026 0.400 0.846 0.890 1.265  0.800 0.800 0.800  0.000  0.568627 0.568627 0.568627  0.000  8.000 0.000 0.685 0.000  24.00 25 26  0.000 0.000 0.98 1 0.000 0.163 1000.000 0 0 0.000 1.000 1.000 0.750 1 1.000000 1.000 0.725 2.0 1 1
//6PM
251 253 255  199 167 103  255 255 255  0  0  132 133 122 115  255 255 255  255 255 255  1.0 1.0 1500.00  40.50  119 120 120  105 105 105  44  43  43 239  0.28 0.22 0.50 5.03  159 124  91  128  75  64  0.57 1 0.88 1.00 1.00 1.01 16.00 128.00  1.46 256.00 0.10  77  7.00  4.20  7.00  6.50 0.00   0 0.600  0.462745 0.478431 0.525490  0.874510 0.890196 1.000000  0.890196 0.901961 1.000000  0.321569 0.321569 0.321569  1  6.613 0.215 1 0  0.478000 0.478000 0.478000  0.368 0.998 0.000 0.132 0.68 0.488 8.000 0.667 0.365 1 0.026 0.400 0.846 0.890 1.265  0.800 0.800 0.800  0.000  0.568627 0.568627 0.568627  0.000  8.000 0.000 0.685 0.000  24.00 25 26  0.000 0.000 0.98 1 0.000 0.220 1000.000 0 0 0.000 1.000 1.000 0.700 1 1.000000 1.000 0.725 2.0 1 1
//7PM
255 253 249  199 166 119  255 255 255  0  0  132 133 122 115  255 255 255  255 255 255  1.0 1.0 1500.00  40.50  119 120 120  105 105 105  54  32  16 239  0.28 0.22 0.50 5.03  161 123  93  128  72  64  0.41 1 0.99 1.00 1.00 0.85 16.00 128.00  1.46 256.00 0.10  77  7.25  4.75  6.50  6.50 0.00  -2 0.600  0.505882 0.474510 0.431373  0.956863 0.886275 0.788235  1.000000 0.886275 0.839216  0.360784 0.309804 0.317647  1  6.613 0.215 1 0  0.478000 0.478000 0.478000  0.368 0.998 0.000 0.132 0.68 0.488 8.000 0.667 0.365 1 0.026 0.400 0.846 0.890 1.265  0.800 0.800 0.800  0.000  0.568627 0.568627 0.568627  0.000  8.000 0.000 0.685 0.000  24.00 25 26  0.000 0.000 0.98 1 0.000 0.111 1000.000 0 0 0.000 1.000 2.025 0.650 1 1.000000 1.000 0.725 2.0 1 1
//8PM
254 253 255  143 167 255  255 255 255  0  0  132 123 123 133  255 255 255  255 255 255  1.0 1.0 1500.00  40.50  119 120 120  105 105 105  26  25  26 239  0.14 0.22 0.50 5.03  161 123  93  128  64  64  0.41 1 1.09 1.00 1.00 0.85 16.00 128.00  1.46 256.00 0.10  77 15.50  9.50 13.75 13.00 0.00   0 0.600  0.458824 0.478431 0.525490  0.850980 0.898039 1.000000  0.866667 0.909804 1.000000  0.301961 0.325490 0.360784  1  6.613 0.215 1 0  0.478000 0.478000 0.478000  0.368 0.998 0.000 0.132 0.68 0.488 8.000 0.667 0.365 1 0.026 0.400 0.846 0.890 1.265  0.329 0.329 0.329  0.000  0.568627 0.568627 0.568627  0.000  8.000 0.000 0.685 0.000  24.00 25 26  0.000 0.000 0.98 1 0.000 0.170 1000.000 0 0 0.000 0.725 2.725 1.050 1 1.000000 1.000 0.725 2.0 1 1
//9PM
132 151 255  136 174 255    0   0   0  0  0   79  44 110 173  255 255 255  255 255 255  1.0 1.0 1500.00  73.00  119 120 120  105 105 105  76  76  76 125  0.17 0.00 0.61 2.88  115 124  98  204  65  55  0.86 1 0.92 0.82 1.00 0.96 16.00 128.00  1.46 256.00 0.11  77  0.00  5.02  5.53  4.50 13.00  10 1.393  0.298039 0.305882 0.325490  0.368627 0.611765 0.886275  0.858824 0.909804 1.000000  0.301961 0.325490 0.360784  1  1.298 0.155 1 0  0.200000 0.200000 0.200000  0.102 1.243 0.000 0.132 0.68 0.757 8.000 0.837 1.700 1 0.354 0.400 1.112 0.842 1.265  0.000 0.000 0.000  0.925  0.843137 0.843137 0.843137  0.164  5.000 0.000 0.685 0.000  24.00 25 26  0.000 0.000 0.98 1 0.000 0.419 130.750 0 0 0.000 0.225 2.125 0.750 1 2.222222 1.000 0.750 2.0 1 1
//10PM
115 141 255  180 200 255    0   0   0  0  0   79  87 113 150  255 255 255  255 255 255  1.0 1.0 1500.00  73.00  119 120 120  105 105 105  76  76  76 125  0.17 0.00 0.61 2.26  102 129  65  255  65  51  0.89 1 0.92 0.82 1.00 1.27 16.00 128.00  1.46 256.00 0.11  77  0.00  7.07  5.23  4.50 13.00  10 1.393  0.298039 0.305882 0.325490  0.368627 0.611765 0.886275  0.858824 0.909804 1.000000  0.301961 0.325490 0.360784  1  1.298 0.155 1 0  0.200000 0.200000 0.200000  0.102 1.243 0.000 0.132 0.68 0.757 8.000 0.837 1.700 1 0.354 0.400 1.112 0.842 1.265  0.000 0.000 0.000  0.925  0.843137 0.843137 0.843137  0.164  5.000 0.000 0.685 0.045  25.75 25 26  0.199 0.096 0.98 1 0.000 0.419 130.750 0 0 0.000 0.225 2.500 0.800 1 2.222222 1.000 0.750 2.0 1 1
                                                                                                                                                                                                                                                                                                                                                                                                                                                                                                                                                                                                                                                                                                                                                                         
////////// TEMP
//Amb0            Amb1            Dir            Sky top        Sky bot        SunCore        SunCorona     SunSz  SprBght FarClp   FogSt   LowCloudsRGB  BottomCloudRGB  WaterRGBA      Exposure BPThreshold MidGreyValue IntensityBloom ColourCorrectRGB ColourAddRGB Desaturation Contrast Gamma DesaturationFar ContrastFar GammaFar DepthFxNear DepthFxFar LumMin LumMax LumDelay CloudAlpha DirLightMult AmbLightMult0 AmbLightMult1 SkyLightMult SunMult Temperature   Far DOF   Near DOF   Near Blur DOF   Mid Blur DOF   Far Blur DOF    Water Reflection    Particle HDR    Sprite Size		Global sun multiplier ambient occlusion scaler
//Midnight
153 148 169  158 156 174  210 252 252  0  0   79  73 127 171  255 255 255  255 255 255  1.0 1.0 1382.82  73.00  119 120 120  105 105 105  76  76  76 125  0.17 0.00 0.61 2.70   99 112 120    0   0   0  0.87 1 0.92 0.82 1.00 1.03 16.00 128.00  1.46 256.00 0.11  77  2.75  4.45  4.17  4.50 13.00  10 1.393  0.290000 0.306000 0.322000  0.871000 0.486000 0.486000  1.000000 0.894000 0.698000  0.361000 0.310000 0.310000  1  1.298 0.155 1 0  0.200000 0.200000 0.200000  0.102 1.243 0.000 0.132 0.68 0.757 8.000 0.837 1.700 1 0.354 0.400 1.112 0.842 1.265  0.000 0.000 0.000  0.925  0.890000 0.827000 0.800000  0.164  5.000 0.000 0.685 0.000  24.00 25 26  0.000 0.000 0.98 1 0.000 0.419 130.750 0 0 0.000 0.300 1.000 0.975 1 1.000000 1.000 0.750 2.0 1 1
//5AM
235 160  21   30 183 217  242 255 217  0  0    0   0 200 255    0   0   0    0   0   0  1.0 1.0 1200.00  50.00   35   9  10   26  30  36   0   0   0  50  0.26 1.86 0.41 10.00  119 141 145    0   0   0  0.42 1 0.72 0.62 1.00 1.50 15.00 348.75  0.47 176.13 0.10   0  0.00  1.60  1.85  0.05 0.00   0 0.565  0.678000 0.839000 1.000000  0.812000 0.906000 1.000000  1.000000 0.894000 0.698000  0.361000 0.310000 0.310000  1  6.613 0.215 1 0  0.478000 0.478000 0.478000  0.368 0.998 0.000 0.132 0.68 0.757 8.000 0.667 1.700 1 0.088 0.400 0.124 0.890 1.265  0.800 0.800 0.800  0.140  0.953000 0.761000 0.761000  0.164 100.000 0.000 0.685 0.000  24.00 25 26  0.000 0.000 0.98 1 0.000 0.000 1000.000 0 0 0.475 1.000 4.650 0.775 1 1.000000 1.000 0.000 2.0 1 1
//6AM
255 227 166  250 136  42  255 179  42  0  0   24 255 140 140  255 255 255  255 255 255  1.0 1.0 1500.00  73.00  119 120 120  105 105 105  61  31   0 239  0.14 0.00 0.61 2.88  122 110  94    0   0   0  0.66 1 0.71 0.82 1.00 1.18 16.00 128.00  1.46 256.00 0.17  77 20.75  4.00  4.50 12.75 13.00  10 0.032  0.678000 0.839000 1.000000  0.871000 0.486000 0.486000  1.000000 0.894000 0.698000  1.000000 0.882000 0.588000  1  1.860 0.203 1 0  0.478000 0.478000 0.478000  0.396 1.296 0.252 0.132 0.68 0.757 8.000 0.667 1.700 1 0.088 0.400 0.124 0.890 1.265  0.800 0.800 0.800  0.140  0.953000 0.761000 0.761000  0.164 25.000 0.000 0.685 0.000  24.00 25 26  0.000 0.000 0.98 1 0.000 0.000 1000.000 0 0 0.225 1.000 1.050 1.000 1 1.000000 1.000 0.800 2.0 1 1
//7AM
255 255 255  255 254 255  255 255 255  0  0    0 156 209 255  255 255 255  255 255 255  1.0 1.0 1200.00 100.00  120 120 120  105 105 105   0  40  60 240  0.11 0.22 0.50 0.63  128 128 128    0   0   0  0.80 1 0.72 1.00 1.00 0.85 16.00 128.00  1.46 256.00 0.10  77 46.00  2.00 10.25 14.50 13.00  15 1.500  0.678000 0.839000 1.000000  0.922000 0.961000 1.000000  1.000000 0.894000 0.698000  0.361000 0.310000 0.310000  1  2.175 0.430 1 0  0.478000 0.478000 0.478000  0.345 0.000 0.000 0.132 0.68 0.757 8.000 0.000 1.572 1 0.088 0.400 0.124 0.000 1.265  0.800 0.800 0.800  0.295  0.761000 0.737000 0.722000  0.274 100.000 0.000 0.685 0.000  24.00 25 26  0.000 0.000 0.98 1 0.062 0.259 1000.000 0 0 0.000 1.000 1.000 1.000 1 1.000000 1.000 0.875 2.0 1 1
//9AM
255 255 255  255 254 255  255 255 255  0  0    0 156 209 255  255 255 255  255 255 255  1.0 1.0 1200.00 100.00  120 120 120  105 105 105   0  40  60 240  0.11 0.22 0.50 5.03  120 114  90    0   0   0  0.80 1 0.72 1.00 1.00 0.85 16.00 128.00  1.46 256.00 0.10  77  0.00 22.00 22.00 14.50 13.00  15 0.030  0.678000 0.839000 1.000000  0.922000 0.961000 1.000000  1.000000 0.894000 0.698000  0.361000 0.310000 0.310000  1  2.175 0.430 1 0  0.478000 0.478000 0.478000  0.345 0.000 0.000 0.132 0.68 0.757 8.000 0.000 1.572 1 0.088 0.400 0.124 0.000 1.265  0.800 0.800 0.800  0.295  0.761000 0.737000 0.722000  0.274 100.000 0.000 0.685 0.000  24.00 25 26  0.000 0.000 0.98 1 0.062 0.259 1000.000 0 0 0.000 1.000 1.000 1.000 1 1.000000 1.000 0.000 2.0 1 1
//Midday
255 242 242  247 240 240  255 254 252  0  0    0  65 158 240  255 255 255  255 255 255  1.0 1.0 1200.00  73.00  119 120 120  105 105 105   0  40  60 239  0.22 0.48 0.48 0.17  128 128 128    0   0   0  1.00 1 1.00 1.00 1.00 1.00 16.00 128.00  0.28 256.00 0.10  77  3.50  3.50  3.75  3.25 13.00  10 0.500  0.282000 0.471000 0.659000  0.871000 0.486000 0.486000  1.000000 0.894000 0.698000  0.361000 0.310000 0.310000  1  1.298 0.165 1 0  0.451000 0.431000 0.427000  0.303 0.438 0.000 0.132 0.68 0.757 8.000 0.667 1.700 1 0.645 0.400 0.124 0.425 1.265  0.000 0.000 0.000  0.140  0.941000 0.631000 0.490000  0.164 100.000 0.000 0.685 0.000  24.00 25 26  0.000 0.000 0.98 1 0.032 0.000 1000.000 0 0 0.325 1.000 1.000 1.000 1 1.000000 1.000 1.000 2.0 1 1
//6PM
166 230 255  255 195 117  250 228 117  0  0    0 155 209 255  255 255 255  255 255 255  1.0 1.0 1200.00  73.00  119 120 120  105 105 105   0  40  60 239  0.15 0.00 0.61 2.88  115 122 108    0   0   0  0.66 1 0.71 0.82 1.00 0.85 16.00 128.00  1.46 256.00 0.10  77 20.75  9.50  8.50 14.50 13.00  10 0.500  0.678000 0.839000 1.000000  0.871000 0.486000 0.486000  1.000000 0.894000 0.698000  0.361000 0.310000 0.310000  1  1.860 0.203 1 0  0.451000 0.431000 0.427000  0.396 1.109 0.000 0.132 0.68 0.757 8.000 0.667 1.700 1 0.754 0.400 0.124 0.890 1.265  0.000 0.000 0.000  0.140  0.953000 0.761000 0.761000  0.164 100.000 0.000 0.685 0.000  24.00 25 26  0.000 0.000 0.98 1 0.000 0.000 1000.000 0 0 0.000 1.000 1.000 1.000 1 1.000000 1.000 0.000 2.0 1 1
//7PM
250 253 255  117 172 255  255 232 255  0  0    0 155 209 255  255 255 255  255 255 255  1.0 1.0 1500.00  73.00  119 120 120  105 105 105   0  40  60 239  0.11 0.00 0.50 1.30  118 140 134    0   0   0  0.36 1 0.72 1.00 1.00 1.00 16.00 128.00  1.46 256.00 0.10  77 15.50  9.50 13.75 14.50 13.00   0 0.460  0.678000 0.839000 1.000000  0.812000 0.906000 1.000000  1.000000 0.894000 0.698000  0.361000 0.310000 0.310000  1  6.613 0.215 1 0  0.478000 0.478000 0.478000  0.368 0.998 0.000 0.132 0.68 0.757 8.000 0.667 1.700 1 0.088 0.400 0.124 0.890 1.265  0.800 0.800 0.800  0.140  0.953000 0.761000 0.761000  0.164  8.000 0.000 0.685 0.000  24.00 25 26  0.000 0.000 0.98 1 0.000 0.000 1000.000 0 0 0.000 1.000 1.000 1.000 1 1.000000 1.000 0.700 2.0 1 1
//8PM
255 227 166  250 136  42  255 134  42  0  0   24 255 140 140  255 255 255  255 255 255  1.0 1.0 1500.00  73.00  119 120 120  105 105 105  61  31   0 239  0.14 0.00 0.61 2.88  122 110  94    0   0   0  0.66 1 0.71 0.82 1.00 1.18 16.00 128.00  1.46 256.00 0.17  77 20.75  4.00  4.50 10.00 13.00  10 0.400  1.000000 0.839000 0.678000  0.871000 0.486000 0.486000  1.000000 0.894000 0.698000  1.000000 0.882000 0.588000  1  1.860 0.203 1 0  0.478000 0.478000 0.478000  0.396 1.296 0.252 0.132 0.68 0.757 8.000 0.667 1.700 1 0.088 0.400 0.124 0.890 1.265  0.800 0.800 0.800  0.140  0.949000 0.906000 0.761000  0.164 100.000 0.000 0.685 0.000  24.00 25 26  0.000 0.000 0.98 1 0.000 0.000 1000.000 0 0 0.225 1.000 1.050 1.000 1 1.000000 1.000 0.000 2.0 1 1
//9PM
255 227 166  250 136  42  255 134  42  0  0   24 255 140 140  255 255 255  255 255 255  1.0 1.0 1500.00  73.00  119 120 120  105 105 105  61  31   0 239  0.14 0.00 0.61 2.88  122 110  94    0   0   0  0.66 1 0.71 0.82 1.00 1.18 16.00 128.00  1.46 256.00 0.17  77 20.75  4.00  4.50 10.00 13.00  10 0.400  1.000000 0.839000 0.678000  0.871000 0.486000 0.486000  1.000000 0.894000 0.698000  1.000000 0.882000 0.588000  1  1.860 0.203 1 0  0.478000 0.478000 0.478000  0.396 1.296 0.252 0.132 0.68 0.757 8.000 0.667 1.700 1 0.088 0.400 0.124 0.890 1.265  0.800 0.800 0.800  0.140  0.949000 0.906000 0.761000  0.164 100.000 0.000 0.685 0.000  24.00 25 26  0.000 0.000 0.98 1 0.000 0.000 1000.000 0 0 0.225 1.000 1.050 1.000 1 1.000000 1.000 0.000 2.0 1 1
//10PM
0   180 240    0 180 240    0  46 240  0  0    0   0   0   0  255 128   0  255 128   0  1.0 1.0  600.00  10.00   70  27  10   15  11  34  15  18  20 240  3.66 0.77 0.19 1.25  128 128 128    0   0   0  0.85 1 0.83 1.00 1.00 1.00 16.00 128.00  3.49 256.00 0.20   0  4.50  1.00  1.00  4.00 1.00   0 2.000  0.000000 0.500000 1.000000  0.000000 0.500000 1.000000  0.000000 0.500000 1.000000  1.000000 0.500000 0.000000  1 11.000 1.000 1 0  0.800000 0.800000 0.800000  1.000 0.500 0.100 0.312 0.68 0.500 8.000 0.312 1.700 1 0.088 0.300 0.000 1.580 1.200  0.800 0.800 0.800  0.000  0.952000 0.762000 0.762000  0.000  1.700 0.315 0.685 0.041  24.00 25 26  0.143 0.000 0.98 1 0.000 2.000 1000.000 0 0 0.000 1.000 1.000 1.000 1 1.000000 1.000 0.000 2.0 1 1
