////////// EXTRASUNNY
//Amb0            Amb1            Dir            Sky top        Sky bot        SunCore        SunCorona     SunSz  SprBght FarClp   FogSt   LowCloudsRGB  BottomCloudRGB  WaterRGBA      Exposure BPThreshold MidGreyValue IntensityBloom ColourCorrectRGB ColourAddRGB Desaturation Contrast Gamma DesaturationFar ContrastFar GammaFar DepthFxNear DepthFxFar LumMin LumMax LumDelay CloudAlpha DirLightMult AmbLightMult0 AmbLightMult1 SkyLightMult SunMult Temperature   Far DOF   Near DOF   Near Blur DOF   Mid Blur DOF   Far Blur DOF    Water Reflection    Particle HDR    Sprite Size		Global sun multiplier ambient occlusion scaler
//Midnight
155 121 255  168 135 255  181 154 255  0 14  116 114 114 114    0   0   0    0   0   0  1.2 1.2 1500.00  50.00   35   9  10   26  30  36   48  48  48 154  2.69 0.30 0.71 4.94  144 144 144   13  13  13  0.34 1 0.78 0.83 1.00 1.19 15.75 182.64 19.88 256.00 0.10   0  1.00  3.51  3.57  1.84 0.00   0 1.389  0.392157 0.392157 0.392157  0.898039 0.898039 0.898039  0.686275 0.686275 0.686275  0.309804 0.325490 0.356863  1  4.976 0.162 1 0  0.435294 0.435294 0.435294  0.603 0.998 0.265 0.132 0.68 0.757 8.000 0.667 1.700 1 0.088 0.675 0.124 0.890 1.265  0.666667 0.666667 0.666667  0.063  0.858824 0.815686 0.764706  0.624  6.900 0.320 0.180 0.029  24.962 25 26  0.114 1.057 0.98 1 0.000 0.000 1000.000 0 0 0.000 0.000 3.498 0.750 1 1.000 1.000 0.800 2.0 1 1
//5AM
149 136 255  145 132 251  231 226 255  0 15  100   0 131 254   41  39  39   41  39  39  1.2 1.2 1500.00  54.00   35   9  10   26  30  36   45  45  45 168  2.28 0.25 0.69 1.23  138 138 138   19  19  19  0.51 1 0.85 0.83 1.00 1.35 15.79 174.12 16.93 256.00 0.10   0  2.50  3.69  3.85  2.75 2.00   1 1.080  0.407843 0.462745 0.576471  0.917647 0.827451 0.772549  0.611765 0.729412 0.886275  0.384314 0.411765 0.474510  1  4.500 0.168 1 0  0.443137 0.443137 0.443137  0.569 1.044 0.260 0.132 0.68 0.757 8.000 0.667 1.700 1 0.088 0.631 0.124 0.892 1.265  0.686275 0.686275 0.686275  0.075  0.894118 0.796078 0.772549  0.550  9.697 0.484 0.165 0.024  24.000 25 26  0.095 0.882 0.98 1 0.000 0.000 1000.000 0 0 0.141 0.428 1.000 1.000 1 1.000 1.000 0.733 2.0 1 1
//6AM
193 201 255   48 123 245  255 244 214  0 24   21 255 224 236  249 237 237  249 237 237  1.0 1.0 1500.00  73.97  113 115 113  106 105 102   63  23  42 239  0.24 0.01 0.60 1.55  124 124 124   26  26  26  0.65 1 0.71 0.82 1.00 1.17 16.01 131.49  2.19 254.89 0.17  71  7.79  1.69  3.25  5.35 12.50   9 0.379  0.780392 0.827451 0.949020  0.752941 0.584314 0.360784  0.850980 0.913725 1.000000  0.788235 0.858824 1.000000  1  2.202 0.200 1 0  0.478431 0.478431 0.478431  0.401 1.276 0.238 0.132 0.68 0.757 8.000 0.667 1.700 1 0.090 0.408 0.124 0.901 1.265  0.792157 0.792157 0.792157  0.138  0.843137 0.807843 0.678431  0.177 23.683 0.006 0.674 0.000  24.029 25 26  0.002 0.005 0.98 1 0.000 0.000 1000.000 0 0 0.216 1.000 1.061 1.100 1 1.000 1.000 0.900 2.0 1 1
//7AM
204 203 255  106 117 214  163 183 196  0 34   24 233 234 255  255 255 255  255 255 255  1.0 1.0 1500.00  73.03  119 120 120  105 105 105    7   7  12 239  0.14 0.00 0.61 2.88  123 123 123   38  38  38  0.66 1 0.71 0.82 1.00 1.18 15.99 127.95  1.46 255.92 0.17  77 17.00  4.00  4.50 12.75 13.00  10 0.400  0.780392 0.839216 0.952941  0.670588 0.596078 0.301961  0.850980 0.913725 1.000000  0.894118 0.894118 0.894118  1  1.860 0.203 1 0  0.478431 0.478431 0.478431  0.396 1.296 0.252 0.132 0.68 0.757 8.000 0.667 1.700 1 0.088 0.400 0.124 0.890 1.265  0.800000 0.800000 0.800000  0.140  0.862745 0.803922 0.670588  0.164 25.000 0.000 0.685 0.000  24.000 25 26  0.000 0.000 0.98 1 0.000 0.000 1000.000 0 0 0.225 1.000 1.050 1.000 1 1.000 1.000 0.600 2.0 1 1
//9AM
213 222 255  163 187 255  250 251 255  0 17    0 115 149 217  255 255 255  255 255 255  1.0 1.0 1500.00 100.00   58  72  40  199 230 196   11  13  19 240  0.14 0.16 0.62 4.30  139 139 139   59  59  59  0.63 1 0.60 0.51 1.00 0.90 16.00 128.00  1.53 256.00 0.10 217 17.00  4.75  5.00 19.25 13.00  10 0.360  0.576471 0.576471 0.576471  0.658824 0.658824 0.658824  0.396078 0.686275 0.898039  1.000000 0.580392 0.603922  1 16.660 0.155 1 0  0.290196 0.290196 0.290196  0.102 1.066 0.000 0.132 0.68 0.000 8.000 0.667 1.700 1 0.354 0.354 0.500 0.400 0.435  0.101961 0.101961 0.101961  1.265  0.658824 0.658824 0.654902  0.000  1.700 0.000 0.685 0.000  24.000 25 26  0.000 0.000 0.98 1 0.000 0.296 1000.000 0 0 0.200 1.000 1.000 0.800 1 1.000 1.000 0.700 2.0 1 1
//Midday
128 170 255  209 220 255  170 183 207  0 25    0   0 157 255  255 255 255  255 255 255  1.0 1.0 1500.00  73.00  119 120 120  105 105 105   15  21  27 125  0.19 0.00 0.61 2.88  135 135 135   76  76  76  0.70 1 0.92 0.82 1.00 0.96 16.00 128.00  1.46 256.00 0.11  77 14.75  6.25  8.50 11.50 13.00  10 0.460  0.360784 0.596078 0.776471  0.207843 0.631373 0.878431  0.835294 0.917647 1.000000  0.360784 0.309804 0.313725  1  1.298 0.370 1 0  0.278431 0.286275 0.290196  0.102 1.243 0.000 0.132 0.68 0.757 8.000 0.667 1.700 1 0.354 0.400 0.124 0.425 1.265  0.000000 0.000000 0.000000  0.140  0.705882 0.705882 0.705882  0.164  5.000 0.000 0.685 0.000  24.000 25 26  0.000 0.000 0.98 1 0.032 0.000 130.750 0 0 0.000 1.000 1.000 0.800 1 1.000 1.000 0.750 2.0 1 1
//6PM
207 214 255  169 186 255  255 251 243  0 24    0 192 138  85  255 255 255  255 255 255  1.0 1.0 1500.00 100.00   58  72  40  199 230 196   18  12   6 240  0.14 0.16 0.62 4.30  138 138 138   38  38  38  0.63 1 0.60 0.51 1.00 0.90 16.00 128.00  1.53 256.00 0.10 217 17.00  4.75  5.00 13.00 13.00  10 0.360  0.301961 0.611765 0.776471  0.396078 0.686275 0.898039  0.768627 0.639216 0.411765  1.000000 0.580392 0.603922  1 16.660 0.155 1 0  0.290196 0.290196 0.290196  0.102 1.066 0.000 0.132 0.68 0.000 8.000 0.667 1.700 1 0.354 0.354 0.500 0.400 0.435  0.101961 0.101961 0.101961  1.265  0.658824 0.658824 0.654902  0.000  1.700 0.000 0.685 0.000  24.000 25 26  0.000 0.000 0.98 1 0.000 0.296 1000.000 0 0 0.200 1.000 1.000 1.000 1 1.000 1.000 0.700 2.0 1 1
//7PM
211 214 255  221 223 255  255 189 161  0 33   24 245 140 194  255 255 255  255 255 255  1.0 1.0 1500.00  73.00  119 120 120  105 105 105   15  15  15 239  0.14 0.43 0.63 2.43  139 139 139   26  26  26  0.75 1 0.72 0.82 1.00 1.18 16.00 128.00  1.46 256.00 0.17  77 13.00  5.50  4.50 11.25 13.00  10 0.400  0.792157 0.909804 1.000000  0.447059 0.713725 0.917647  1.000000 0.882353 0.843137  0.803922 0.909804 1.000000  1  4.320 0.495 1 0  0.447059 0.458824 0.490196  0.396 1.296 0.252 0.132 0.68 0.757 8.000 0.667 1.700 1 0.088 0.400 0.124 0.890 1.265  0.800000 0.800000 0.800000  0.140  0.992157 0.847059 0.788235  0.164  8.000 0.000 0.685 0.000  24.000 25 26  0.000 0.000 0.98 1 0.000 0.000 1000.000 0 0 0.225 1.000 1.050 1.000 1 1.000 1.000 0.600 2.0 1 1
//8PM
218 212 255  227 221 255  255 189 168  0 35   24 173 163 250  255 255 255  255 255 255  1.0 1.0 1500.00  73.00  119 120 120  105 105 105   28  28  28 239  0.14 0.43 0.63 2.43  133 133 133   19  19  19  0.75 1 0.72 0.82 1.00 1.18 16.00 128.00  1.46 256.00 0.17  77 13.00  5.50  4.50 11.25 13.00  10 0.400  0.858824 0.890196 1.000000  0.447059 0.713725 0.917647  1.000000 0.886275 0.835294  0.807843 0.905882 1.000000  1  4.320 0.788 1 0  0.447059 0.458824 0.490196  0.396 1.296 0.252 0.132 0.68 0.757 8.000 0.667 1.700 1 0.088 0.400 0.124 0.890 1.265  0.800000 0.800000 0.800000  0.140  1.000000 0.839216 0.839216  0.164  8.000 0.000 0.685 0.000  24.000 25 26  0.000 0.000 0.98 1 0.000 0.000 1000.000 0 0 0.225 1.000 1.050 1.000 1 1.000 1.000 0.700 2.0 1 1
//9PM
225 209 255  233 220 255  236 187 253  0 25   24 169 165 251  255 255 255  255 255 255  1.0 1.0 1500.00  73.00  119 120 120  105 105 105   20  20  20 239  0.58 0.43 0.63 2.43  138 138 138   17  17  17  0.75 1 0.72 0.82 1.00 1.18 16.00 128.00  3.66 256.00 0.17  77  6.50  2.25  2.25  4.00 13.00  10 0.400  0.462745 0.576471 0.698039  0.494118 0.705882 0.925490  1.000000 0.890196 0.768627  0.831373 0.901961 1.000000  1  4.320 0.788 1 0  0.447059 0.458824 0.490196  0.396 1.296 0.252 0.132 0.68 0.757 8.000 0.667 1.700 1 0.088 0.400 0.124 0.890 1.265  0.070588 0.070588 0.070588  0.140  0.949020 0.866667 0.760784  0.164  8.000 0.000 0.685 0.000  24.000 25 26  0.000 0.000 0.98 1 0.000 0.000 1000.000 0 0 0.225 1.000 1.050 0.800 1 1.000 1.000 0.700 2.0 1 1
//10PM
151 123 255  164 136 255  143 141 255  0 16  116  88  94 248    0   0   0    0   0   0  1.2 1.2 1500.00  50.77   35   9  10   26  30  36   49  47  54 154  2.66 0.31 0.71 4.92  143 143 143   13  13  13  0.34 1 0.76 0.83 1.00 1.24 15.67 181.86 19.86 255.19 0.10   0  2.75  3.51  3.57  1.84 0.00   0 1.382  0.309804 0.400000 0.498039  0.831373 0.901961 1.000000  0.847059 0.627451 0.650980  0.301961 0.325490 0.360784  1  4.976 0.162 1 0  0.435294 0.435294 0.435294  0.603 0.998 0.265 0.132 0.68 0.757 8.000 0.667 1.700 1 0.088 0.675 0.124 0.890 1.265  0.666667 0.666667 0.666667  0.063  0.858824 0.815686 0.764706  0.624  6.900 0.320 0.180 0.029  24.962 25 26  0.114 1.057 0.98 1 0.000 0.000 1000.000 0 0 0.126 0.314 3.498 0.750 1 1.000 1.000 0.800 2.0 1 1
                                                                                                                                                                                                                                                                                                                                                                                                                                                                                                                                                                                                                                                                                                                                                                                 
////////// SUNNY
//Amb0            Amb1            Dir            Sky top        Sky bot        SunCore        SunCorona     SunSz  SprBght FarClp   FogSt   LowCloudsRGB  BottomCloudRGB  WaterRGBA      Exposure BPThreshold MidGreyValue IntensityBloom ColourCorrectRGB ColourAddRGB Desaturation Contrast Gamma DesaturationFar ContrastFar GammaFar DepthFxNear DepthFxFar LumMin LumMax LumDelay CloudAlpha DirLightMult AmbLightMult0 AmbLightMult1 SkyLightMult SunMult Temperature   Far DOF   Near DOF   Near Blur DOF   Mid Blur DOF   Far Blur DOF    Water Reflection    Particle HDR    Sprite Size		Global sun multiplier ambient occlusion scaler
//Midnight
174 142 255  163 129 255  202 180 255  0 15    0  13  13  13    0   0   0    0   0   0  1.0 1.0 1500.00  50.00   35   9  10   26  30  36   39  39  39 150  2.40 0.63 0.70 4.45  128 128 128   13  13  13  0.65 1 0.77 0.62 1.00 1.20 15.00 348.75 19.88 256.00 0.10   0  2.00  3.92  3.93  3.05 0.00   0 0.643  0.219608 0.219608 0.219608  0.674510 0.674510 0.674510  0.000000 0.000000 0.000000  0.309804 0.325490 0.356863  1 11.205 0.000 1 0  0.309804 0.309804 0.309804  0.368 0.998 1.070 0.132 0.68 0.757 8.000 0.667 1.700 1 0.088 1.513 0.124 0.890 1.265  0.258824 0.258824 0.258824  0.140  0.890196 0.796078 0.674510  0.164  8.000 0.359 0.174 0.032  24.000 25 26  0.129 1.186 0.98 1 0.000 0.000 1000.000 0 0 0.100 0.250 3.825 0.800 1 1.000 1.000 0.900 2.0 1 1
//5AM
161 146 255  148 135 254  191 184 255  0 15    0  13  13  13    0   0   0    0   0   0  1.0 1.0 1500.00  50.00   35   9  10   26  30  36   51  53  60 150  2.40 0.63 0.70 4.45  128 128 128   19  19  19  0.65 1 0.77 0.62 1.00 1.20 15.00 348.75 19.88 256.00 0.10   0  2.00  3.92  3.93  3.05 0.00   0 0.643  0.219608 0.219608 0.219608  1.000000 0.560784 0.231373  0.000000 0.000000 0.000000  0.305882 0.325490 0.360784  1 11.205 0.000 1 0  0.309804 0.309804 0.309804  0.368 0.998 1.070 0.132 0.68 0.757 8.000 0.667 1.700 1 0.088 1.513 0.124 0.890 1.265  0.258824 0.258824 0.258824  0.140  0.407843 0.321569 0.301961  0.164  8.000 0.359 0.174 0.032  24.000 25 26  0.129 1.186 0.98 1 0.000 0.000 1000.000 0 0 0.100 0.250 2.775 0.800 1 1.000 1.000 0.900 2.0 1 1
//6AM
115 151 255  213 218 255  193 174 114  0 30   22 232 183 203  250   0   0  250   0   0  1.0 1.0 1500.00 100.00   58  72  40  179 148  88   58  28  42 240  0.93 0.00 0.46 1.84  130 130 130   26  26  26  0.43 1 0.75 1.00 1.00 1.18 16.00 128.00  9.93 234.82 0.20   0  8.41  7.21  7.80 11.00 7.25   2 0.460  0.784314 0.847059 1.000000  0.964706 0.882353 0.792157  0.850980 0.913725 1.000000  0.309804 0.325490 0.360784  1  6.613 0.215 1 0  0.478431 0.478431 0.478431  0.368 0.998 0.000 0.132 0.68 0.757 8.000 0.667 1.700 1 0.088 0.400 0.124 0.890 1.265  0.800000 0.800000 0.800000  0.140  0.847059 0.807843 0.674510  0.164 25.000 0.000 0.685 0.000  24.000 25 26  0.000 0.000 0.98 1 0.000 0.000 1000.000 0 0 0.150 1.000 1.000 1.400 1 1.000 1.000 0.800 2.0 1 1
//7AM
229 228 255  152 158 255  158 178 190  0 35   24 153 169 255  255 255 255  255 255 255  1.0 1.0 1500.00  73.00  119 120 120  105 105 105   20  20  20 239  0.14 0.00 0.61 2.88  122 122 122   38  38  38  0.66 1 0.71 0.82 1.00 1.18 16.00 128.00  1.46 256.00 0.17  77 20.75  4.00  4.50 12.75 13.00  10 0.400  0.733333 0.827451 1.000000  0.823529 0.749020 0.521569  0.850980 0.913725 1.000000  0.894118 0.894118 0.894118  1  1.860 0.203 1 0  0.478431 0.478431 0.478431  0.396 1.296 0.252 0.132 0.68 0.757 8.000 0.667 1.700 1 0.088 0.400 0.124 0.890 1.265  0.800000 0.800000 0.800000  0.140  0.862745 0.803922 0.670588  0.164 25.000 0.000 0.685 0.000  24.000 25 26  0.000 0.000 0.98 1 0.000 0.000 1000.000 0 0 0.225 1.000 1.050 1.000 1 1.000 1.000 0.000 2.0 1 1
//9AM
148 178 255  128 167 255  215 217 227  0 25   44  67 149 255  255 255 255  255 255 255  1.0 1.0 1500.00 147.10  119 120 120  105 105 105    0   0   0 239  0.20 0.00 0.61 2.87  129 129 129   59  59  59  0.71 1 0.80 1.00 1.00 1.18 15.94 127.65  1.47 255.43 0.10  77 10.25  4.00  4.00  8.00 1.50   9 0.458  0.733333 0.733333 0.733333  0.968627 0.968627 0.968627  0.835294 0.917647 1.000000  0.360784 0.309804 0.313725  1  1.860 0.451 1 0  0.376471 0.517647 0.560784  0.396 1.434 0.285 0.132 0.68 1.000 6.272 0.548 0.378 1 0.373 0.400 0.124 0.890 1.265  0.890196 0.890196 0.890196  0.140  0.886275 0.843137 0.698039  1.000  8.000 0.000 0.685 0.000  24.000 25 26  0.000 0.000 0.98 1 0.000 0.000 1000.000 0 0 0.300 1.000 1.500 0.800 1 1.000 1.000 0.725 2.0 1 1
//Midday
156 185 255  231 236 255  216 230 255  0 32   44   0 156 255  255 255 255  255 255 255  1.0 1.0 1500.00 147.10  119 120 120  105 105 105    0   0   0 239  0.20 0.00 0.61 2.87  123 123 123   76  76  76  0.76 1 0.80 1.00 1.00 1.18 15.94 127.65  1.47 255.43 0.10  77 10.25  4.00  4.00  8.00 1.50   9 0.458  0.709804 0.815686 0.917647  0.945098 0.972549 1.000000  0.835294 0.917647 1.000000  0.360784 0.309804 0.313725  1  1.950 0.361 1 0  0.458824 0.537255 0.560784  0.396 1.434 0.285 0.132 0.68 1.000 6.272 0.548 0.510 1 0.373 0.400 0.124 0.890 1.265  0.890196 0.890196 0.890196  0.140  0.843137 0.843137 0.843137  1.000  8.000 0.000 0.685 0.000  24.000 25 26  0.000 0.000 0.98 1 0.000 0.000 1000.000 0 0 0.300 1.000 1.500 0.800 1 1.000 1.000 0.725 2.0 1 1
//6PM
218 223 255  100 147 255  253 239 211  0 35   24 218 141  56  255 255 255  255 255 255  1.0 1.0 1500.00  73.00  119 120 120  105 105 105   57  49  44 239  0.14 0.00 0.61 2.88  126 126 126   38  38  38  0.66 1 0.78 0.82 1.00 1.18 16.00 128.00  1.46 256.00 0.17  77 20.75  4.00  6.00 14.50 13.00  10 0.400  0.635294 0.850980 0.992157  0.211765 0.631373 0.878431  1.000000 0.894118 0.721569  1.000000 0.862745 0.862745  1  1.860 0.203 1 0  0.478431 0.478431 0.478431  0.396 1.296 0.252 0.132 0.68 0.757 8.000 0.667 1.700 1 0.088 0.400 0.124 0.890 1.265  0.800000 0.800000 0.800000  0.140  0.882353 0.796078 0.674510  0.164  8.000 0.000 0.685 0.000  24.000 25 26  0.000 0.000 0.98 1 0.000 0.000 1000.000 0 0 0.225 1.000 1.050 1.000 1 1.000 1.000 0.750 2.0 1 1
//7PM
227 228 255  142 161 255  251 136  86  0 36   24 245 140 194  255 255 255  255 255 255  1.0 1.0 1500.00  73.00  119 120 120  105 105 105   68  22  48 239  0.14 0.00 0.61 2.88  122 122 122   26  26  26  0.66 1 0.71 0.82 1.00 1.18 16.00 128.00  1.78 256.00 0.17  77 20.75  4.00  4.50 10.00 13.00  10 0.400  0.890196 0.941176 0.984314  0.211765 0.631373 0.878431  1.000000 0.882353 0.843137  0.803922 0.909804 1.000000  1  1.860 0.203 1 0  0.447059 0.462745 0.490196  0.396 1.296 0.252 0.132 0.68 0.757 8.000 0.667 1.700 1 0.088 0.400 0.124 0.890 1.265  0.800000 0.800000 0.800000  0.140  1.000000 0.886275 0.835294  0.164  8.000 0.000 0.685 0.000  24.000 25 26  0.000 0.000 0.98 1 0.000 0.000 1000.000 0 0 0.225 1.000 1.050 1.100 1 1.000 0.825 0.800 2.0 1 1
//8PM
232 227 255  161 155 255  247 137 104  0 26   24 173 163 250  255 255 255  255 255 255  1.0 1.0 1500.00  73.00  119 120 120  105 105 105   13  13  13 239  0.21 0.00 0.61 2.88  122 122 122   19  19  19  0.66 1 0.71 0.82 1.00 1.18 16.00 128.00  2.56 256.00 0.17  77 15.00  2.25  2.50 10.00 13.00  10 0.400  0.823529 0.866667 1.000000  0.211765 0.631373 0.878431  1.000000 0.886275 0.835294  0.807843 0.905882 1.000000  1  1.860 0.203 1 0  0.478431 0.478431 0.478431  0.396 1.296 0.252 0.132 0.68 0.757 8.000 0.667 1.700 1 0.088 0.400 0.124 0.890 1.265  0.800000 0.800000 0.800000  0.140  1.000000 0.882353 0.878431  0.164  8.000 0.000 0.685 0.000  24.000 25 26  0.000 0.000 0.98 1 0.000 0.000 1000.000 0 0 0.225 1.000 1.050 0.950 1 1.000 0.825 0.800 2.0 1 1
//9PM
159 124 255  216 195 255  193 146 210  0 20    0 120 117 143  255  45   0  255  45   0  1.0 1.0 1500.00   9.00   62 120 141  104 198 255   32  31  41 100  2.85 0.08 0.57 3.75  133 133 133   17  17  17  0.37 1 0.74 0.60 1.00 1.00  8.00  64.00 18.73 256.00 0.10   0 11.75  4.50  2.50  6.50 18.00   3 0.460  0.694118 0.839216 1.000000  0.831373 0.901961 1.000000  1.000000 0.890196 0.768627  0.301961 0.325490 0.360784  1 11.000 0.215 1 0  0.478431 0.478431 0.478431  0.368 0.998 0.000 0.132 0.68 0.757 8.000 0.667 1.700 1 0.088 0.400 0.124 0.890 1.265  0.800000 0.800000 0.800000  0.140  0.866667 0.796078 0.713725  0.159  8.000 0.179 0.133 0.000  24.000 25 26  0.000 0.000 0.98 1 0.040 0.000 1000.000 0 0 0.000 0.800 1.000 0.700 1 1.000 1.000 0.825 2.0 1 1
//10PM
167 139 255  159 131 255   55  94 252  0 15    0  13  13  13    0   0   0    0   0   0  1.0 1.0 1500.00  50.00   35   9  10   26  30  36   52  49  63 150  2.40 0.63 0.70 4.45  128 128 128   13  13  13  0.65 1 0.77 0.62 1.00 1.28 15.00 348.75 19.88 256.00 0.10   0  1.16  3.94  3.95  3.05 0.00   0 0.643  0.219608 0.219608 0.219608  0.337255 0.698039 1.000000  0.000000 0.000000 0.000000  0.301961 0.325490 0.360784  1 11.205 0.000 1 0  0.305882 0.309804 0.309804  0.368 0.998 1.070 0.132 0.68 0.757 8.000 0.667 1.700 1 0.088 1.513 0.124 0.890 1.265  0.258824 0.258824 0.258824  0.140  0.227451 0.203922 0.180392  0.164  8.000 0.359 0.174 0.032  24.000 25 26  0.129 1.186 0.98 1 0.000 0.000 1000.000 0 0 0.100 0.250 3.150 0.800 1 1.000 1.000 0.900 2.0 1 1
                                                                                                                                                                                                                                                                                                                                                                                                                                                                                                                                                                                                                                                                                                                                                                                 
////////// SUNNY_WINDY
//Amb0            Amb1            Dir            Sky top        Sky bot        SunCore        SunCorona     SunSz  SprBght FarClp   FogSt   LowCloudsRGB  BottomCloudRGB  WaterRGBA      Exposure BPThreshold MidGreyValue IntensityBloom ColourCorrectRGB ColourAddRGB Desaturation Contrast Gamma DesaturationFar ContrastFar GammaFar DepthFxNear DepthFxFar LumMin LumMax LumDelay CloudAlpha DirLightMult AmbLightMult0 AmbLightMult1 SkyLightMult SunMult Temperature   Far DOF   Near DOF   Near Blur DOF   Mid Blur DOF   Far Blur DOF    Water Reflection    Particle HDR    Sprite Size		Global sun multiplier ambient occlusion scaler
//Midnight
182 151 255  182 151 255   98  78 255  0 16  120 224 224 224    0   0   0    0   0   0  0.6 0.6 1500.00  50.00   35   9  10   26  30  36   99  99  99 240  3.21 0.21 0.72 2.12  144 144 144   13  13  13  0.28 1 1.00 1.00 1.00 1.17 15.96 127.74 19.86 255.58 0.10   0  2.30  3.99  3.99  1.75 0.00  -1 0.800  0.376471 0.376471 0.376471  0.898039 0.898039 0.898039  0.909804 0.909804 0.909804  0.309804 0.325490 0.356863  1  6.613 0.215 1 0  0.478431 0.478431 0.478431  0.795 0.998 0.000 0.132 0.68 0.757 8.000 0.667 1.700 1 0.088 0.400 0.124 0.890 1.265  0.800000 0.800000 0.800000  0.000  0.831373 0.831373 0.831373  1.000  6.000 0.363 0.000 0.045  25.750 25 26  0.199 0.096 0.98 1 0.000 0.000 1000.000 0 0 0.000 0.775 3.625 0.750 1 1.000 1.000 0.825 2.0 1 1
//5AM
170 155 255  170 155 255   97  98 195  0 15  120 213 224 255    0   0   0    0   0   0  0.6 0.6 1500.00  50.00   35   9  10   26  30  36   92  92  92 240  3.21 0.21 0.72 2.12  144 144 144   19  19  19  0.28 1 1.00 1.00 1.00 1.17 15.96 127.74 19.86 255.58 0.10   0  2.30  3.99  3.99  1.75 0.00  -1 0.800  0.309804 0.376471 0.505882  0.992157 0.874510 0.803922  0.854902 0.913725 1.000000  0.305882 0.325490 0.360784  1  6.613 0.215 1 0  0.478431 0.478431 0.478431  0.795 0.998 0.000 0.132 0.68 0.757 8.000 0.667 1.700 1 0.088 0.400 0.124 0.890 1.265  0.800000 0.800000 0.800000  0.000  0.831373 0.831373 0.831373  1.000  6.000 0.363 0.000 0.045  25.750 25 26  0.199 0.096 0.98 1 0.000 0.000 1000.000 0 0 0.000 0.700 3.700 0.800 1 1.000 1.000 0.825 2.0 1 1
//6AM
226 229 255  136 162 255  219 200 138  0 38   24 232 183 203  255 255 255  255 255 255  1.0 1.0 1500.00  73.00  119 120 120  105 105 105   31  31  31 239  0.19 0.00 0.50 1.45  120 120 120   26  26  26  0.31 1 0.81 0.82 1.00 1.18 16.00 128.00  1.46 256.00 0.17  77 20.75  5.00  5.00  8.25 13.00  10 0.400  0.749020 0.823529 1.000000  0.745098 0.568627 0.313725  0.850980 0.913725 1.000000  0.847059 0.898039 1.000000  1  1.860 0.203 1 0  0.478431 0.478431 0.478431  0.396 1.296 0.252 0.132 0.68 0.757 8.000 0.667 1.700 1 0.088 0.400 0.124 0.890 1.265  0.800000 0.800000 0.800000  0.140  0.847059 0.807843 0.674510  0.164  8.000 0.000 0.685 0.000  24.000 25 26  0.000 0.000 0.98 1 0.000 0.000 1000.000 0 0 0.225 1.000 1.050 1.050 1 1.000 1.000 0.750 2.0 1 1
//7AM
229 228 255  152 158 255  177 197 210  0 27   24 153 169 255  255 255 255  255 255 255  1.0 1.0 1500.00  73.00  119 120 120  105 105 105    8   8   8 239  0.19 0.00 0.50 3.78  119 119 119   38  38  38  0.41 1 0.76 0.82 1.00 1.18 16.00 128.00  1.46 256.00 0.17  77 20.75  4.00  4.00 11.50 13.00  10 0.400  0.733333 0.827451 1.000000  0.670588 0.596078 0.301961  0.850980 0.913725 1.000000  0.894118 0.894118 0.894118  1  1.860 0.203 1 0  0.478431 0.478431 0.478431  0.396 1.296 0.252 0.132 0.68 0.757 8.000 0.667 1.700 1 0.088 0.400 0.124 0.890 1.265  0.800000 0.800000 0.800000  0.140  0.862745 0.803922 0.670588  0.164  8.000 0.000 0.685 0.000  24.000 25 26  0.000 0.000 0.98 1 0.000 0.000 1000.000 0 0 0.225 1.000 1.050 0.850 1 1.000 1.000 0.775 2.0 1 1
//9AM
197 210 255  122 161 250  249 250 255  0 35    0 183 203 255  255 255 255  255 255 255  1.0 1.0 1500.00  73.00  119 120 120  105 105 105   30  32  37 239  0.12 0.00 0.50 2.22  139 139 139   59  59  59  0.36 1 0.72 1.00 1.00 1.13 16.00 128.00  1.46 256.00 0.10  77 11.00  7.44 10.25 14.50 1.00   0 0.460  0.823529 0.823529 0.823529  0.898039 0.898039 0.898039  0.835294 0.917647 1.000000  0.360784 0.309804 0.313725  1  6.613 0.215 1 0  0.478431 0.478431 0.478431  0.368 0.998 0.000 0.132 0.68 0.757 8.000 0.667 1.700 1 0.088 0.400 0.124 0.890 1.265  0.800000 0.800000 0.800000  0.140  0.850980 0.807843 0.670588  0.164  8.000 0.000 0.685 0.000  24.000 25 26  0.000 0.000 0.98 1 0.000 0.000 1000.000 0 0 0.225 1.000 1.000 1.200 1 1.000 1.000 0.700 2.0 1 1
//Midday
252 253 255  129 170 255  169 183 207  0 29   46 107 180 255  255 255 255  255 255 255  1.0 1.0 1500.00  73.00  119 120 120  105 105 105   15  39  61 239  0.20 0.22 0.50 4.55  136 136 136   76  76  76  0.45 1 0.82 1.00 1.00 0.85 16.00 128.00  1.46 256.00 0.18  77 12.00  4.25 10.25 10.00 13.00   0 0.382  0.670588 0.843137 1.000000  0.811765 0.909804 1.000000  0.835294 0.917647 1.000000  0.360784 0.309804 0.313725  1  6.613 0.215 1 0  0.478431 0.478431 0.478431  0.368 0.998 0.000 0.132 0.68 0.757 8.000 0.667 1.700 1 0.088 0.400 0.124 0.890 1.265  0.800000 0.800000 0.800000  0.140  0.807843 0.807843 0.807843  0.164  8.000 0.000 0.685 0.000  24.000 25 26  0.000 0.000 0.98 1 0.000 0.000 1000.000 0 0 0.000 1.000 1.000 0.750 1 1.000 1.000 0.750 2.0 1 1
//6PM
208 215 255  141 168 255  194 181 155  0 31   46 225 163 101  255 255 255  255 255 255  1.0 1.0 1500.00  73.00  119 120 120  105 105 105   52  34  14 239  0.20 0.22 0.50 4.55  138 138 138   38  38  38  0.45 1 0.82 1.00 1.00 0.85 16.00 128.00  1.46 256.00 0.18  77 12.00  4.25 10.25 10.00 13.00   0 0.382  0.635294 0.850980 0.992157  0.811765 0.909804 1.000000  1.000000 0.894118 0.721569  0.360784 0.309804 0.313725  1  6.613 0.215 1 0  0.478431 0.478431 0.478431  0.368 0.998 0.000 0.132 0.68 0.757 8.000 0.667 1.700 1 0.088 0.400 0.124 0.890 1.265  0.800000 0.800000 0.800000  0.140  0.882353 0.796078 0.674510  0.164  8.000 0.000 0.685 0.000  24.000 25 26  0.000 0.000 0.98 1 0.000 0.000 1000.000 0 0 0.000 0.875 1.000 0.800 1 1.000 1.000 0.750 2.0 1 1
//7PM
253 253 255  149 166 255  255 140  90  0 34    0 250 185 216  255 255 255  255 255 255  1.0 1.0 1500.00  73.00  119 120 120  105 105 105   86  56  71 239  0.69 0.22 0.50 5.03  141 141 141   26  26  26  0.49 1 0.87 0.85 1.00 0.85 16.00 128.00  4.53 256.00 0.10  77 11.50  4.50  5.50  7.00 13.00   0 0.460  0.647059 0.850980 0.996078  0.811765 0.909804 1.000000  1.000000 0.882353 0.843137  0.294118 0.329412 0.356863  1  6.613 0.215 1 0  0.478431 0.478431 0.478431  0.368 0.998 0.000 0.132 0.68 0.757 8.000 0.667 1.700 1 0.088 0.400 0.124 0.890 1.265  0.800000 0.800000 0.800000  0.140  0.937255 0.776471 0.705882  0.164  8.000 0.000 0.685 0.000  24.000 25 26  0.000 0.000 0.98 1 0.000 0.000 1000.000 0 0 0.000 0.625 1.000 0.600 1 1.000 1.000 0.725 2.0 1 1
//8PM
134 133 255  206 199 255  242 133 100  0 26    1 107 107 107  255  45   0  255  45   0  1.0 1.0 1500.00   9.00   62 120 141  104 198 255   38  37  41 238  3.70 0.60 0.57 6.65  133 133 133   19  19  19  0.25 1 0.74 0.67 1.00 1.00  8.00  64.00 18.73 256.00 0.10   0  2.75  4.50  2.50  4.50 18.00  12 0.460  0.760784 0.823529 1.000000  0.811765 0.909804 1.000000  1.000000 0.886275 0.835294  0.298039 0.325490 0.356863  1 11.000 0.215 1 0  0.478431 0.478431 0.478431  0.368 0.998 0.000 0.132 0.68 0.757 8.000 0.667 1.700 1 0.088 0.400 0.124 0.890 1.265  0.800000 0.800000 0.800000  0.140  0.913725 0.776471 0.772549  0.159  1.700 0.179 0.133 0.000  24.000 25 26  0.000 0.000 0.98 1 0.040 0.000 1000.000 0 0 0.175 0.700 1.825 0.500 1 1.000 1.000 0.800 2.0 1 1
//9PM
159 124 255  216 195 255  193 146 210  0 25    0 120 117 143  255  45   0  255  45   0  1.0 1.0 1500.00   9.00   62 120 141  104 198 255   23  22  37 238  3.70 0.60 0.57 6.65  133 133 133   17  17  17  0.25 1 0.74 0.67 1.00 1.00  8.00  64.00 18.73 256.00 0.10   0  2.75  4.50  2.50  4.50 18.00  12 0.460  0.694118 0.839216 1.000000  0.831373 0.901961 1.000000  1.000000 0.890196 0.768627  0.301961 0.325490 0.360784  1 11.000 0.215 1 0  0.478431 0.478431 0.478431  0.368 0.998 0.000 0.132 0.68 0.757 8.000 0.667 1.700 1 0.088 0.400 0.124 0.890 1.265  0.800000 0.800000 0.800000  0.140  0.866667 0.796078 0.713725  0.159  1.700 0.179 0.133 0.000  24.000 25 26  0.000 0.000 0.98 1 0.040 0.000 1000.000 0 0 0.125 0.750 2.000 0.500 1 1.000 1.000 0.800 2.0 1 1
//10PM
179 152 255  179 152 255  243 241 255  0 20  120 146 134 242    0   0   0    0   0   0  0.6 0.6 1500.00  50.00   35   9  10   26  30  36  108 101 135 240  3.21 0.21 0.72 3.27  144 144 144   13  13  13  0.37 1 1.00 1.00 1.00 1.14 15.96 127.74 19.86 255.58 0.10   0  2.50  3.99  3.99  1.75 0.00   0 0.900  0.270588 0.384314 0.501961  0.831373 0.901961 1.000000  1.000000 0.878431 0.890196  0.301961 0.325490 0.360784  1  6.613 0.215 1 0  0.478431 0.478431 0.478431  0.795 0.998 0.000 0.132 0.68 0.757 8.000 0.667 1.700 1 0.088 0.400 0.124 0.890 1.265  0.800000 0.800000 0.800000  0.000  0.831373 0.831373 0.831373  1.000  6.000 0.363 0.000 0.000  25.750 25 26  0.000 0.000 0.98 1 0.000 0.000 1000.000 0 0 0.000 0.575 4.017 0.650 1 1.000 1.000 0.925 2.0 1 1
                                                                                                                                                                                                                                                                                                                                                                                                                                                                                                                                                                                                                                                                                                                                                                                 
////////// CLOUDY
//Amb0            Amb1            Dir            Sky top        Sky bot        SunCore        SunCorona     SunSz  SprBght FarClp   FogSt   LowCloudsRGB  BottomCloudRGB  WaterRGBA      Exposure BPThreshold MidGreyValue IntensityBloom ColourCorrectRGB ColourAddRGB Desaturation Contrast Gamma DesaturationFar ContrastFar GammaFar DepthFxNear DepthFxFar LumMin LumMax LumDelay CloudAlpha DirLightMult AmbLightMult0 AmbLightMult1 SkyLightMult SunMult Temperature   Far DOF   Near DOF   Near Blur DOF   Mid Blur DOF   Far Blur DOF    Water Reflection    Particle HDR    Sprite Size		Global sun multiplier ambient occlusion scaler
//Midnight
182 151 255  182 151 255  227 213 255  0 14  179 206 206 206    0   0   0    0   0   0  0.7 0.7 1500.00  50.00   35   9  10   26  30  36   10  10  10 240  1.96 0.09 0.63 2.97  186 186 186   13  13  13  0.43 1 0.80 0.62 1.00 1.25 16.00 128.00 19.88 256.00 0.10   0  1.50  1.75  2.25  1.50 0.00   0 0.425  0.811765 0.811765 0.811765  0.898039 0.898039 0.898039  0.909804 0.909804 0.909804  0.309804 0.325490 0.356863  1  6.613 0.215 1 0  0.478431 0.478431 0.478431  0.368 0.998 0.000 0.132 0.68 0.757 8.000 0.677 0.790 1 0.088 0.400 0.124 0.890 1.265  0.800000 0.800000 0.800000  0.000  0.537255 0.513725 0.486275  0.554  6.000 0.363 0.000 0.045  25.750 25 26  0.199 0.096 0.98 1 0.000 0.000 1000.000 0 0 0.000 0.450 4.000 0.850 1 1.000 1.000 0.950 1.0 1 1
//5AM
156 142 255  156 142 255    0   0   0  0 14  179 186 205 255    0   0   0    0   0   0  0.7 0.7 1500.00  50.00   35   9  10   26  30  36    8  10  16 240  1.96 0.09 0.63 2.97  186 186 186   19  19  19  0.43 1 0.80 0.62 1.00 1.25 16.00 128.00 19.88 256.00 0.10   0  0.00  2.88  3.13  1.50 0.00   0 0.425  0.721569 0.815686 1.000000  0.992157 0.874510 0.803922  0.854902 0.913725 1.000000  0.305882 0.325490 0.360784  1  6.613 0.215 1 0  0.478431 0.478431 0.478431  0.368 0.998 0.000 0.132 0.68 0.757 8.000 0.677 0.790 1 0.088 0.400 0.124 0.890 1.265  0.800000 0.800000 0.800000  0.000  0.549020 0.505882 0.494118  0.554  6.000 0.363 0.000 0.045  25.750 25 26  0.199 0.096 0.98 1 0.000 0.110 1000.000 0 0 0.000 0.450 4.050 0.800 1 1.000 1.000 0.950 1.0 1 1
//6AM
253 253 255  144 167 255  255 255 255  0 26    0 252 185 213  255 255 255  255 255 255  1.0 1.0 1500.00  73.00  119 120 120  105 105 105   14  11  12 239  0.15 0.22 0.58 5.05  105 105 105   26  26  26  0.27 1 0.74 1.00 1.00 0.95 16.00 128.00  1.46 256.00 0.18  77 12.00  5.00  8.00 11.75 4.00   0 0.425  0.764706 0.803922 0.909804  0.964706 0.882353 0.792157  0.850980 0.913725 1.000000  0.309804 0.325490 0.360784  1  6.675 0.000 1 0  0.478431 0.478431 0.478431  0.268 0.910 0.000 0.132 0.68 0.488 8.000 0.667 0.688 1 0.126 0.120 0.696 0.993 1.265  0.360784 0.360784 0.360784  0.102  0.552941 0.537255 0.482353  0.000  6.000 0.000 0.685 0.000  24.000 25 26  0.000 0.000 0.98 1 0.000 0.086 157.250 0 0 0.075 0.800 1.825 0.900 1 1.000 1.000 0.675 2.0 1 1
//7AM
182 183 255  159 163 255  255 255 255  0 37   35 102 136 246  255 255 255  255 255 255  1.0 1.0 1500.00  73.00  119 120 120  105 105 105   26  26  26 239  0.14 0.29 0.58 4.90  110 110 110   38  38  38  0.30 1 0.73 1.00 1.00 0.85 16.00 128.00  1.24 256.00 0.18  77 10.00  6.00  6.50 14.50 3.50   0 0.425  0.800000 0.800000 0.800000  0.266667 0.223529 0.000000  0.850980 0.913725 1.000000  0.227451 0.227451 0.227451  1  6.090 0.130 1 0  0.368627 0.376471 0.380392  0.268 0.910 0.000 0.132 0.68 0.488 8.000 0.667 0.688 1 0.026 0.120 0.696 0.993 1.265  0.360784 0.360784 0.360784  0.102  0.705882 0.670588 0.592157  0.000  6.000 0.000 0.685 0.000  24.000 25 26  0.000 0.000 0.98 1 0.000 0.026 555.000 0 0 0.000 0.875 1.000 0.950 1 1.000 1.000 0.525 2.0 1 1
//9AM
159 184 255  231 236 255  227 229 239  0 25   44  67 149 255  255 255 255  255 255 255  1.0 1.0 1500.00 147.10  119 120 120  105 105 105    0   0   0 239  0.20 0.00 0.61 2.87  130 130 130   59  59  59  0.25 1 0.85 1.00 1.00 1.18 15.94 127.65  1.47 255.43 0.10  77 10.25  4.00  4.00  8.00 1.50   9 0.458  0.835294 0.835294 0.835294  0.968627 0.968627 0.968627  0.835294 0.917647 1.000000  0.360784 0.309804 0.313725  1  1.950 0.361 1 0  0.458824 0.537255 0.560784  0.396 1.434 0.285 0.132 0.68 1.000 6.272 0.548 0.510 1 0.373 0.400 0.124 0.890 1.265  0.890196 0.890196 0.890196  0.140  0.886275 0.843137 0.698039  1.000  8.000 0.000 0.685 0.000  24.000 25 26  0.000 0.000 0.98 1 0.000 0.000 1000.000 0 0 0.300 1.000 1.500 0.500 1 1.000 1.000 0.725 2.0 1 1
//Midday
156 185 255  231 236 255  216 230 255  0 30   44   0 156 255  255 255 255  255 255 255  1.0 1.0 1500.00 147.10  119 120 120  105 105 105    0   0   0 239  0.20 0.00 0.61 2.87  128 128 128   76  76  76  0.25 1 0.85 1.00 1.00 1.18 15.94 127.65  1.47 255.43 0.10  77 10.25  4.00  4.00  8.00 1.50   9 0.458  0.780392 0.843137 0.909804  0.945098 0.972549 1.000000  0.835294 0.917647 1.000000  0.360784 0.309804 0.313725  1  1.950 0.361 1 0  0.458824 0.537255 0.560784  0.396 1.434 0.285 0.132 0.68 1.000 6.272 0.548 0.510 1 0.373 0.400 0.124 0.890 1.265  0.890196 0.890196 0.890196  0.140  0.843137 0.843137 0.843137  1.000  8.000 0.000 0.685 0.000  24.000 25 26  0.000 0.000 0.98 1 0.000 0.000 1000.000 0 0 0.300 1.000 1.500 0.600 1 1.000 1.000 0.725 2.0 1 1
//6PM
165 183 255  233 235 255  242 228 201  0 29   44 208 132  44  255 255 255  255 255 255  1.0 1.0 1500.00 147.10  119 120 120  105 105 105    0   0   0 239  0.20 0.00 0.61 2.87  128 128 128   38  38  38  0.25 1 0.85 1.00 1.00 1.18 15.94 127.65  1.47 255.43 0.10  77 10.25  4.00  4.00  8.00 1.50   9 0.458  0.768627 0.847059 0.905882  0.945098 0.972549 1.000000  1.000000 0.894118 0.721569  0.360784 0.309804 0.313725  1  1.950 0.361 1 0  0.458824 0.537255 0.560784  0.396 1.434 0.285 0.132 0.68 1.000 6.272 0.548 0.510 1 0.373 0.400 0.124 0.890 1.265  0.890196 0.890196 0.890196  0.140  0.921569 0.831373 0.701961  1.000  8.000 0.000 0.685 0.000  24.000 25 26  0.000 0.000 0.98 1 0.000 0.000 1000.000 0 0 0.300 1.000 1.500 0.650 1 1.000 1.000 0.725 2.0 1 1
//7PM
253 253 255  149 166 255  255 255 255  0 32    0 250 185 216  255 255 255  255 255 255  1.0 1.0 1500.00  73.00  119 120 120  105 105 105   66  66  66 239  0.11 0.22 0.58 4.78  138 138 138   26  26  26  0.27 1 0.88 1.00 1.00 0.84 16.00 128.00  1.46 256.00 0.18  77 15.50 11.00 11.25 12.25 13.00   0 0.425  0.709804 0.819608 0.901961  0.811765 0.909804 1.000000  1.000000 0.882353 0.843137  0.294118 0.329412 0.356863  1  6.675 0.000 1 0  0.478431 0.478431 0.478431  0.268 0.910 0.000 0.132 0.68 0.488 8.000 0.667 0.688 1 0.026 0.120 0.696 0.993 1.265  0.360784 0.360784 0.360784  0.102  0.568627 0.568627 0.568627  0.000  6.000 0.000 0.685 0.000  24.000 25 26  0.000 0.000 0.98 1 0.000 0.000 555.000 0 0 0.000 0.675 1.000 1.000 1 1.000 1.000 0.700 2.0 1 1
//8PM
164 158 255  210 203 255  193  90  61  0 26   77  89  98 238  255 255 255  255 255 255  1.0 1.0 1500.00  73.00  119 120 120  105 105 105   84  84  84 239  0.19 0.22 0.50 3.63  116 116 116  228 228 228  0.34 1 0.94 1.00 1.00 1.31 128.00 255.00  1.46 256.00 0.18  77  6.00 11.25 11.00  4.25 13.00   0 0.425  0.729412 0.772549 0.917647  0.811765 0.909804 1.000000  1.000000 0.886275 0.835294  0.298039 0.325490 0.356863  1  5.940 0.183 1 0  0.478431 0.478431 0.478431  0.268 0.910 0.000 0.132 0.68 0.488 8.000 0.667 0.688 1 0.026 0.120 0.696 0.993 1.265  0.360784 0.360784 0.360784  0.102  0.568627 0.568627 0.568627  0.000  6.000 0.000 0.685 0.000  24.000 25 26  0.000 0.000 0.98 1 0.000 0.000 555.000 0 0 0.000 0.450 2.350 0.950 1 1.000 0.925 1.000 2.0 1 1
//9PM
183 152 255  219 200 255  149 104 165  0 21   77  76 100 240  255 255 255  255 255 255  1.0 1.0 1500.00  73.00  119 120 120  105 105 105   84  84  84 239  0.19 0.22 0.50 3.63  116 116 116  144 144 144  0.34 1 0.94 1.00 1.00 1.31 128.00 255.00  1.46 256.00 0.18  77  6.00 11.25 11.00  4.25 13.00   0 0.425  0.674510 0.788235 0.917647  0.831373 0.901961 1.000000  1.000000 0.890196 0.768627  0.301961 0.325490 0.360784  1  5.940 0.183 1 0  0.478431 0.478431 0.478431  0.268 0.910 0.000 0.132 0.68 0.488 8.000 0.667 0.688 1 0.026 0.120 0.696 0.993 1.265  0.360784 0.360784 0.360784  0.102  0.568627 0.568627 0.568627  0.000  6.000 0.000 0.685 0.000  24.000 25 26  0.000 0.000 0.98 1 0.000 0.000 555.000 0 0 0.000 0.450 2.350 0.950 1 1.000 0.925 1.000 2.0 1 1
//10PM
179 152 255  179 152 255  221 215 255  0 17  179 209 198 255    0   0   0    0   0   0  0.7 0.7 1500.00  50.00   35   9  10   26  30  36   11   9  15 240  1.96 0.09 0.63 0.63  186 186 186   13  13  13  0.43 1 0.80 0.62 1.00 1.66 16.00 128.00 19.88 256.00 0.10   0  1.50  1.75  2.25  1.50 0.00   0 0.225  0.666667 0.827451 1.000000  0.831373 0.901961 1.000000  1.000000 0.878431 0.890196  0.301961 0.325490 0.360784  1  6.613 0.215 1 0  0.478431 0.478431 0.478431  0.368 0.998 0.000 0.132 0.68 0.757 8.000 0.667 0.790 1 0.088 0.400 0.124 0.890 1.265  0.800000 0.800000 0.800000  0.000  0.537255 0.513725 0.486275  0.554  6.000 0.363 0.000 0.045  25.750 25 26  0.199 0.096 0.98 1 0.000 0.000 1000.000 0 0 0.000 0.450 3.000 0.850 1 1.000 1.000 0.950 2.0 1 1
                                                                                                                                                                                                                                                                                                                                                                                                                                                                                                                                                                                                                                                                                                                                                                                 
////////// RAIN
//Amb0            Amb1            Dir            Sky top        Sky bot        SunCore        SunCorona     SunSz  SprBght FarClp   FogSt   LowCloudsRGB  BottomCloudRGB  WaterRGBA      Exposure BPThreshold MidGreyValue IntensityBloom ColourCorrectRGB ColourAddRGB Desaturation Contrast Gamma DesaturationFar ContrastFar GammaFar DepthFxNear DepthFxFar LumMin LumMax LumDelay CloudAlpha DirLightMult AmbLightMult0 AmbLightMult1 SkyLightMult SunMult Temperature   Far DOF   Near DOF   Near Blur DOF   Mid Blur DOF   Far Blur DOF    Water Reflection    Particle HDR    Sprite Size		Global sun multiplier ambient occlusion scaler
//Midnight
148 135 255  152 154 255    0   0   0  0 36  120 107 107 107  255 255 255  255 255 255  1.0 1.0 1500.00  50.00  119 120 120  105 105 105   76  76  76 125  0.17 0.00 0.61 2.70  120 120 120   13  13  13  0.87 1 0.92 0.82 1.00 1.03 16.00 128.00  1.46 256.00 0.11  77  0.00  4.88  4.33  4.50 13.00  10 1.393  0.305882 0.305882 0.305882  0.600000 0.600000 0.600000  0.909804 0.909804 0.909804  0.309804 0.325490 0.360784  1  1.298 0.155 1 0  0.200000 0.200000 0.200000  0.102 1.243 0.000 0.132 0.68 0.757 8.000 0.837 1.700 1 0.354 0.400 1.112 0.842 1.265  0.000000 0.000000 0.000000  0.925  0.874510 0.835294 0.792157  0.164  5.000 0.000 0.685 0.000  24.000 25 26  0.000 0.000 0.98 1 0.000 0.419 130.750 0 0 0.000 0.300 2.375 0.800 1 1.000 1.000 0.750 2.0 1 1
//5AM
161 130 255  167 150 255    0   0   0  0 32  120  93 102 168  255 255 255  255 255 255  1.0 1.0 1500.00  50.00  119 120 120  105 105 105   76  76  76 125  0.17 0.00 0.61 2.70  120 120 120   19  19  19  0.87 1 0.92 0.82 1.00 1.03 16.00 128.00  1.46 256.00 0.11  77  0.00  4.88  4.33  4.50 13.00  10 1.393  0.298039 0.305882 0.325490  0.807843 0.537255 0.352941  0.847059 0.913725 1.000000  0.321569 0.321569 0.321569  1  1.298 0.155 1 0  0.200000 0.200000 0.200000  0.102 1.243 0.000 0.132 0.68 0.757 8.000 0.837 1.700 1 0.354 0.400 1.112 0.842 1.265  0.000000 0.000000 0.000000  0.925  0.898039 0.827451 0.815686  0.164  5.000 0.000 0.685 0.000  24.000 25 26  0.000 0.000 0.98 1 0.000 0.419 130.750 0 0 0.000 0.300 2.625 0.900 1 1.000 1.000 0.750 2.0 1 1
//6AM
175 158 255  197 221 255  182 184 181  0 48  120 248 206 201  255 255 255  255 255 255  1.0 1.0 1500.00  50.00  119 120 120  105 105 105   29  17  15 126  0.17 0.00 0.61 3.43   89  89  89   26  26  26  0.45 1 1.06 0.82 1.00 0.96 16.00 128.00  1.46 256.00 0.11  77 14.76  7.53  7.36  9.25 13.00  -2 0.480  0.419608 0.431373 0.462745  0.749020 0.572549 0.325490  0.850980 0.913725 1.000000  0.309804 0.325490 0.360784  1  1.387 0.156 1 0  0.254902 0.254902 0.254902  0.106 1.239 0.000 0.132 0.68 0.753 8.000 0.834 1.678 1 0.349 0.400 1.108 0.843 1.265  0.011765 0.011765 0.011765  0.910  0.886275 0.827451 0.796078  0.161  5.050 0.000 0.685 0.000  24.000 25 26  0.000 0.000 0.98 1 0.000 0.412 145.238 0 0 0.197 1.000 2.025 0.900 1 1.000 1.000 0.750 2.0 1 1
//7AM
251 253 255  188 170 123  255 255 255  0 77  120 121 124 134  255 255 255  255 255 255  1.0 1.0 1500.00  50.00  119 120 120  105 105 105   20  20  20 239  0.11 0.22 0.50 5.03  130 130 130   38  38  38  0.41 1 0.88 1.00 1.00 0.85 16.00 128.00  1.46 256.00 0.10  77 15.50  9.50 13.75 13.00 13.00   0 0.600  0.454902 0.478431 0.525490  0.933333 0.894118 0.788235  0.850980 0.913725 1.000000  0.321569 0.321569 0.321569  1  6.613 0.215 1 0  0.478431 0.478431 0.478431  0.368 0.998 0.000 0.132 0.68 0.488 8.000 0.667 0.365 1 0.208 0.400 0.846 0.890 1.265  0.800000 0.800000 0.800000  0.000  0.568627 0.568627 0.568627  0.000  8.000 0.000 0.685 0.000  24.000 25 26  0.000 0.000 0.98 1 0.000 0.000 1000.000 0 0 0.000 1.000 1.950 1.300 1 1.000 1.000 0.725 2.0 1 1
//9AM
158 202 238  172 196 209  247 232 200  0 50   46 130 159 220  255 255 255  255 255 255  1.0 1.0 1500.00  73.00   58  72  40  199 230 196    0   0   0 240  0.15 0.06 0.50 1.28  138 138 138   59  59  59  0.32 1 0.77 0.99 3.25 1.19 15.93 127.60  1.48 255.36 0.10 217 13.25  4.98  5.00  7.25 13.00  -3 0.663  0.811765 0.811765 0.811765  0.784314 0.831373 0.870588  0.713725 0.788235 0.850980  0.894118 0.894118 0.894118  1 10.990 0.055 1 0  0.360784 0.360784 0.360784  0.102 1.243 0.000 0.132 0.68 0.757 8.000 0.667 1.700 1 0.354 0.400 0.124 0.425 1.265  0.768627 0.768627 0.768627  0.192  0.627451 0.623529 0.615686  0.000  5.000 0.000 0.685 0.000  24.000 25 26  0.000 0.000 0.98 1 0.000 0.000 1000.000 0 0 0.275 1.000 1.425 1.000 1 1.000 1.000 0.750 2.0 1 1
//Midday
167 199 242  166 197 216  246 233 205  0 50  161 108 163 221  255 255 255  255 255 255  1.0 1.0 1500.00  73.00   58  72  40  199 230 196    0   0   0 240  0.15 0.00 0.50 3.65  143 143 143   76  76  76  0.48 1 0.85 1.00 1.00 0.99 15.93 127.60  1.48 255.36 0.10 217 13.25  4.98  5.00  7.25 0.00  -5 0.663  0.811765 0.811765 0.811765  0.788235 0.827451 0.874510  0.721569 0.788235 0.850980  0.941176 0.882353 0.882353  1 10.990 0.055 1 0  0.360784 0.360784 0.360784  0.102 1.243 0.000 0.132 0.68 0.757 8.000 0.667 1.700 1 0.354 0.400 0.124 0.425 1.265  0.768627 0.768627 0.768627  0.192  0.623529 0.623529 0.623529  0.000  5.000 0.000 0.685 0.000  24.000 25 26  0.000 0.000 0.98 1 0.000 0.000 1000.000 0 0 0.275 1.000 2.150 0.800 1 1.000 1.000 0.750 2.0 1 1
//6PM
171 196 255  165 195 239  255 247 241  0 50  218 208 145 109  255 255 255  255 255 255  1.0 1.0 1500.00  79.00   58  72  40  199 230 196    0   0   0 240  0.15 0.06 0.50 1.28  143 143 143   38  38  38  0.32 1 0.77 1.00 1.00 0.93 15.93 127.60  1.48 255.36 0.10 217  6.75  4.98  5.00  7.25 13.00 -11 0.663  0.811765 0.811765 0.811765  0.788235 0.827451 0.874510  0.850980 0.760784 0.721569  0.941176 0.882353 0.882353  1 10.990 0.055 1 0  0.360784 0.360784 0.360784  0.102 1.243 0.000 0.132 0.68 0.757 8.000 0.667 1.700 1 0.354 0.400 0.124 0.425 1.265  0.768627 0.768627 0.768627  0.192  0.631373 0.623529 0.615686  0.000  5.000 0.000 0.685 0.000  24.000 25 26  0.000 0.000 0.98 1 0.000 0.000 1000.000 0 0 0.275 1.000 2.100 0.900 1 1.000 1.000 0.750 2.0 1 1
//7PM
166 160 255  193 224 255  217 163 235  0 35  182 246 208 224  255 255 255  255 255 255  1.0 1.0 1500.00  73.00  119 120 120  105 105 105   27  17  22 125  0.17 0.00 0.61 2.88  120 120 120   26  26  26  0.73 1 0.92 0.82 1.00 0.96 16.00 128.00  1.46 256.00 0.11  77 14.75  7.50  7.25  7.50 13.00  -6 0.913  0.403922 0.435294 0.458824  0.211765 0.631373 0.878431  1.000000 0.882353 0.843137  0.294118 0.329412 0.356863  1  1.298 0.155 1 0  0.247059 0.250980 0.250980  0.102 1.243 0.000 0.132 0.68 0.757 8.000 0.837 1.700 1 0.354 0.400 1.112 0.842 1.265  0.000000 0.000000 0.000000  0.925  0.890196 0.831373 0.800000  0.164  5.000 0.000 0.685 0.000  24.000 25 26  0.000 0.000 0.98 1 0.000 0.419 130.750 0 0 0.200 1.000 1.775 0.850 1 1.000 1.000 0.750 2.0 1 1
//8PM
254 253 255  112 176 242  255 224 224  0 63  182  53  50  68  255 255 255  255 255 255  1.0 1.0 1500.00  73.00  119 120 120  105 105 105   32  31  37 239  0.11 0.01 0.50 1.39  102 102 102   19  19  19  0.63 1 0.72 1.00 1.00 1.13 16.00 128.00  1.46 256.00 0.10  77  7.90  9.35  7.09 11.50 13.00  -4 0.505  0.917647 0.925490 0.964706  0.811765 0.909804 1.000000  1.000000 0.886275 0.831373  0.298039 0.325490 0.356863  1  6.613 0.215 1 0  0.478431 0.478431 0.478431  0.368 0.998 0.000 0.132 0.68 0.757 8.000 0.667 1.700 1 0.088 0.400 0.124 0.890 1.265  0.800000 0.800000 0.800000  0.140  0.749020 0.749020 0.749020  0.164  8.000 0.000 0.685 0.000  24.000 25 26  0.000 0.000 0.98 1 0.000 0.000 1000.000 0 0 0.450 1.000 1.575 1.500 1 1.000 1.000 0.701 2.0 1 1
//9PM
186 158 255  141 167 255    0   0   0  0 33  182 134 131 187  255 255 255  255 255 255  0.8 0.8 1500.00  73.00   58  72  40  199 230 196   24  23  31 240  0.24 0.20 0.50 4.03  125 125 125   17  17  17  0.65 1 0.78 0.32 1.00 0.93 15.93 127.58  1.48 255.32 0.10 217  0.00  3.12  3.13  3.50 13.00   5 1.500  0.811765 0.811765 0.811765  0.788235 0.827451 0.874510  0.847059 0.764706 0.713725  0.870588 0.898039 0.933333  1 10.990 0.055 1 0  0.360784 0.360784 0.360784  0.102 1.243 0.000 0.132 0.68 0.757 8.000 0.667 1.700 1 0.354 0.400 0.124 0.425 1.265  0.768627 0.768627 0.768627  0.192  0.619608 0.619608 0.619608  0.000  5.000 0.000 0.685 0.000  24.000 25 26  0.000 0.000 0.98 1 0.000 0.000 1000.000 0 0 0.275 1.000 2.125 0.750 2 0.999 1.000 1.000 2.0 1 1
//10PM
201 188 255  189 186 255  226 234 255  0 33  120 104 138 192  255 255 255  255 255 255  0.8 0.8 1500.00  50.00   58  72  40  199 230 196   21  38  61 240  0.24 0.20 0.50 4.03  125 125 125   13  13  13  0.65 1 0.78 0.32 1.00 0.93 15.93 127.58  1.48 255.32 0.10 217  9.75  2.23  2.25  3.50 13.00   5 1.500  0.811765 0.811765 0.811765  0.823529 0.823529 0.823529  0.780392 0.780392 0.780392  0.878431 0.894118 0.933333  1 10.990 0.055 1 0  0.360784 0.360784 0.360784  0.102 1.243 0.000 0.132 0.68 0.757 8.000 0.667 1.700 1 0.354 0.400 0.124 0.425 1.265  0.768627 0.768627 0.768627  0.192  0.619608 0.619608 0.619608  0.000  5.000 0.000 0.685 0.000  24.000 25 26  0.000 0.000 0.98 1 0.000 0.000 1000.000 0 0 0.275 1.000 1.650 0.800 2 0.999 1.000 1.000 2.0 1 1
                                                                                                                                                                                                                                                                                                                                                                                                                                                                                                                                                                                                                                                                                                                                                                                 
////////// DRIZZLE
//Amb0            Amb1            Dir            Sky top        Sky bot        SunCore        SunCorona     SunSz  SprBght FarClp   FogSt   LowCloudsRGB  BottomCloudRGB  WaterRGBA      Exposure BPThreshold MidGreyValue IntensityBloom ColourCorrectRGB ColourAddRGB Desaturation Contrast Gamma DesaturationFar ContrastFar GammaFar DepthFxNear DepthFxFar LumMin LumMax LumDelay CloudAlpha DirLightMult AmbLightMult0 AmbLightMult1 SkyLightMult SunMult Temperature   Far DOF   Near DOF   Near Blur DOF   Mid Blur DOF   Far Blur DOF    Water Reflection    Particle HDR    Sprite Size		Global sun multiplier ambient occlusion scaler
//Midnight
201 188 255  189 186 255  226 234 255  0 25  134 137 137 137  255 255 255  255 255 255  1.0 1.0 1500.00 100.88   58  72  40  199 230 196   37  37  37 240  0.19 0.20 0.50 4.03  125 125 125   13  13  13  0.65 1 0.78 0.32 1.00 1.28 15.93 127.58  1.48 255.32 0.10 217  4.00  2.23  2.25  3.50 13.00  -1 0.690  0.811765 0.811765 0.811765  0.823529 0.823529 0.823529  0.780392 0.780392 0.780392  0.878431 0.894118 0.933333  1 10.990 0.055 1 0  0.360784 0.360784 0.360784  0.102 1.243 0.000 0.132 0.68 0.757 8.000 0.667 1.700 1 0.354 0.400 0.124 0.425 1.265  0.769000 0.769000 0.769000  0.192  0.619608 0.619608 0.619608  0.000  5.000 0.000 0.685 0.000  24.000 25 26  0.000 0.000 0.98 1 0.000 0.000 1000.000 0 0 0.275 1.000 2.200 0.850 1 0.999 0.550 1.000 1.1 1 1
//5AM
173 143 255  163 145 255    0   0   0  0 26  174 129 133 189  255 255 255  255 255 255  1.0 1.0 1500.00 100.88   58  72  40  199 230 196   33  36  60 240  0.25 0.20 0.50 4.03  125 125 125   19  19  19  0.65 1 0.78 0.32 1.00 0.93 15.93 127.58  1.48 255.32 0.10 217  0.00  3.58  3.59  3.50 13.00  -1 0.690  0.811765 0.811765 0.811765  0.870588 0.811765 0.780392  0.729412 0.784314 0.854902  0.894118 0.894118 0.894118  1 10.990 0.055 1 0  0.360784 0.360784 0.360784  0.102 1.243 0.000 0.132 0.68 0.757 8.000 0.667 1.700 1 0.354 0.400 0.124 0.425 1.265  0.769000 0.769000 0.769000  0.192  0.619608 0.619608 0.619608  0.000  5.000 0.000 0.685 0.000  24.000 25 26  0.000 0.000 0.98 1 0.000 0.101 1000.000 0 0 0.275 1.000 2.675 0.850 1 0.999 1.000 0.525 1.1 1 1
//6AM
165 148 255  177 211 255    0   0   0  0 44   58 209 148 141  255 255 255  255 255 255  1.0 1.0 1500.00 100.00   58  72  40  199 230 196   60  29  26 240  0.15 0.16 0.50 2.68  140 140 140   26  26  26  0.80 1 0.75 0.32 1.00 1.23 16.00 128.00  1.46 256.00 0.10 217  0.00  7.15  4.91  4.75 0.00  -1 0.308  0.811765 0.811765 0.811765  0.858824 0.819608 0.776471  0.733333 0.784314 0.854902  0.878431 0.894118 0.933333  1 10.990 0.055 1 0  0.360784 0.360784 0.360784  0.102 1.243 0.000 0.132 0.68 0.757 8.000 0.667 1.700 1 0.354 0.400 0.124 0.425 1.265  0.769000 0.769000 0.769000  0.192  0.741176 0.741176 0.741176  0.000  5.000 0.000 0.685 0.000  24.000 25 26  0.000 0.000 0.98 1 0.000 0.062 1000.000 0 0 0.275 1.000 1.575 1.000 1 1.000 1.000 0.925 2.0 1 1
//7AM
153 201 248  210 191 143  185 244 251  0 50   58 147 163 208  255 255 255  255 255 255  1.0 1.0 1500.00 100.00   58  72  40  199 230 196   26  37  61 240  0.15 0.16 0.50 5.40  140 140 140   38  38  38  0.40 1 0.75 0.32 1.00 0.93 16.00 128.00  1.46 256.00 0.10 217  6.25  4.50  4.75 11.00 0.00   5 0.308  0.811765 0.811765 0.811765  0.843137 0.823529 0.772549  0.733333 0.784314 0.854902  0.894118 0.894118 0.894118  1 10.990 0.055 1 0  0.360784 0.360784 0.360784  0.102 1.243 0.000 0.132 0.68 0.757 8.000 0.667 1.700 1 0.354 0.400 0.124 0.425 1.265  0.769000 0.769000 0.769000  0.192  0.741176 0.741176 0.741176  0.000  5.000 0.000 0.685 0.000  24.000 25 26  0.000 0.000 0.98 1 0.000 0.062 1000.000 0 0 0.275 1.000 1.000 1.000 1 1.000 1.000 0.925 2.0 1 1
//9AM
158 202 238  172 196 209  247 232 200  0 46   58 240 240 240  255 255 255  255 255 255  1.0 1.0 1500.00 100.00   58  72  40  199 230 196    0   0   0 240  0.15 0.16 0.50 5.40  143 143 143   59  59  59  0.40 1 0.75 0.32 1.00 0.93 16.00 128.00  1.46 256.00 0.10 217  6.25  4.50  4.75 11.00 0.00   5 0.308  0.811765 0.811765 0.811765  0.784314 0.831373 0.870588  0.713725 0.788235 0.850980  0.894118 0.894118 0.894118  1 10.990 0.055 1 0  0.360784 0.360784 0.360784  0.102 1.243 0.000 0.132 0.68 0.757 8.000 0.667 1.700 1 0.354 0.400 0.124 0.425 1.265  0.769000 0.769000 0.769000  0.192  0.741176 0.741176 0.741176  0.000  5.000 0.000 0.685 0.000  24.000 25 26  0.000 0.000 0.98 1 0.000 0.062 1000.000 0 0 0.250 0.725 1.650 0.800 1 1.000 1.000 0.925 2.0 1 1
//Midday
167 199 242  166 197 216  246 233 205  0 41   58 216 233 255  255 255 255  255 255 255  1.0 1.0 1500.00 100.00   58  72  40  199 230 196   13  39  61 240  0.15 0.16 0.50 5.40  143 143 143   76  76  76  0.40 1 0.75 0.32 1.00 0.93 16.00 128.00  1.46 256.00 0.10 217  6.25  6.25  4.75 11.00 0.00   5 0.308  0.811765 0.811765 0.811765  0.788235 0.827451 0.874510  0.721569 0.788235 0.850980  0.941176 0.882353 0.882353  1 10.990 0.055 1 0  0.360784 0.360784 0.360784  0.102 1.243 0.000 0.132 0.68 0.757 8.000 0.667 1.700 1 0.354 0.400 0.124 0.425 1.265  0.769000 0.769000 0.769000  0.192  0.741176 0.741176 0.741176  0.000  5.000 0.000 0.685 0.000  24.000 25 26  0.000 0.000 0.98 1 0.000 0.062 1000.000 0 0 0.250 0.725 1.000 0.900 1 1.000 1.000 0.925 2.0 1 1
//6PM
171 196 255  165 195 239  255 229 211  0 37   58 240 240 240  255 255 255  255 255 255  1.0 1.0 1500.00 100.00   58  72  40  199 230 196   55  32  18 240  0.15 0.16 0.50 5.40  143 143 143   38  38  38  0.40 1 0.75 0.32 1.00 0.93 16.00 128.00  1.46 256.00 0.10 217  6.25  4.50  4.75 11.00 0.00   5 0.308  0.811765 0.811765 0.811765  0.788235 0.827451 0.874510  0.850980 0.760784 0.721569  0.941176 0.882353 0.882353  1 10.990 0.055 1 0  0.360784 0.360784 0.360784  0.102 1.243 0.000 0.132 0.68 0.757 8.000 0.667 1.700 1 0.354 0.400 0.124 0.425 1.265  0.769000 0.769000 0.769000  0.192  0.741176 0.741176 0.741176  0.000  5.000 0.000 0.685 0.000  24.000 25 26  0.000 0.000 0.98 1 0.000 0.062 1000.000 0 0 0.250 0.725 1.000 0.950 1 1.000 1.000 0.925 2.0 1 1
//7PM
197 189 255  139 199 250  249 226 255  0 31   58 240 240 240  255 255 255  255 255 255  1.0 1.0 1500.00 100.00   58  72  40  199 230 196   58  28  42 240  0.15 0.16 0.50 5.40  143 143 143   26  26  26  0.40 1 0.76 0.32 1.00 0.93 16.00 128.00  1.46 256.00 0.10 217  6.25  4.50  4.75  7.25 0.00   5 0.308  0.811765 0.811765 0.811765  0.788235 0.827451 0.874510  0.854902 0.760784 0.725490  0.862745 0.898039 0.933333  1 10.990 0.055 1 0  0.360784 0.360784 0.360784  0.102 1.243 0.000 0.132 0.68 0.757 8.000 0.667 1.700 1 0.354 0.400 0.124 0.425 1.265  0.769000 0.769000 0.769000  0.192  0.741176 0.741176 0.741176  0.000  5.000 0.000 0.685 0.000  24.000 25 26  0.000 0.000 0.98 1 0.000 0.062 1000.000 0 0 0.250 0.725 1.000 0.850 1 1.000 1.000 0.925 2.0 1 1
//8PM
168 136 255   95 160 225    0   0   0  0 27  200 181 176 207  255 255 255  255 255 255  1.4 1.4 1500.00 100.83   58  72  40  199 230 196   37  35  59 240  0.18 0.20 0.50 5.41  130 130 130   19  19  19  0.69 1 0.74 0.32 1.00 1.01 15.93 127.60  1.48 255.36 0.10 217  0.00  4.09  4.10  5.00 13.00   5 0.872  0.831373 0.831373 0.831373  0.788235 0.827451 0.874510  0.850980 0.760784 0.721569  0.862745 0.898039 0.933333  1 10.990 0.055 1 0  0.360784 0.360784 0.360784  0.102 1.243 0.000 0.132 0.68 0.757 8.000 0.667 1.700 1 0.354 0.400 0.124 0.425 1.265  0.769000 0.769000 0.769000  0.192  0.650980 0.615686 0.600000  0.000  5.000 0.000 0.685 0.000  24.000 25 26  0.000 0.000 0.98 1 0.000 0.055 1000.000 0 0 0.275 1.000 1.650 0.950 1 1.000 1.000 0.825 2.0 1 1
//9PM
186 158 255  141 167 255    0   0   0  0 24  200 180 177 208  255 255 255  255 255 255  1.0 1.0 1500.00 100.83   58  72  40  199 230 196   36  35  59 240  0.15 0.20 0.50 5.41  130 130 130   17  17  17  0.40 1 0.72 0.32 1.00 0.93 15.93 127.60  1.48 255.36 0.10 217  0.00  4.49  4.50  3.00 13.00   5 0.477  0.831373 0.831373 0.831373  0.788235 0.827451 0.874510  0.847059 0.764706 0.713725  0.870588 0.898039 0.933333  1 10.990 0.055 1 0  0.360784 0.360784 0.360784  0.102 1.243 0.000 0.132 0.68 0.757 8.000 0.667 1.700 1 0.354 0.400 0.124 0.425 1.265  0.769000 0.769000 0.769000  0.192  0.705882 0.615686 0.513725  0.000  5.000 0.000 0.685 0.000  24.000 25 26  0.000 0.000 0.98 1 0.000 0.055 1000.000 0 0 0.275 1.000 2.800 0.900 1 1.000 1.000 0.825 2.0 1 1
//10PM
160 145 255  144 149 255    0   0   0  0 24  200 166 180 211  255 255 255  255 255 255  1.4 1.4 1500.00 100.83   58  72  40  199 230 196   21  38  61 240  0.15 0.20 0.50 5.41  130 130 130   13  13  13  0.69 1 0.72 0.32 1.00 0.93 15.93 127.60  1.48 255.36 0.10 217  0.00  4.19  4.20  3.00 13.00   5 0.872  0.831373 0.831373 0.831373  0.823529 0.823529 0.823529  0.780392 0.780392 0.780392  0.878431 0.894118 0.933333  1 10.990 0.055 1 0  0.360784 0.360784 0.360784  0.102 1.243 0.000 0.132 0.68 0.757 8.000 0.667 1.700 1 0.354 0.400 0.124 0.425 1.265  0.769000 0.769000 0.769000  0.192  0.701961 0.615686 0.513725  0.000  5.000 0.000 0.685 0.000  24.000 25 26  0.000 0.000 0.98 1 0.000 0.055 1000.000 0 0 0.275 1.000 3.000 0.950 1 1.000 1.000 0.825 2.0 1 1
                                                                                                                                                                                                                                                                                                                                                                                                                                                                                                                                                                                                                                                                                                                                                                                 
////////// FOGGY
//Amb0            Amb1            Dir            Sky top        Sky bot        SunCore        SunCorona     SunSz  SprBght FarClp   FogSt   LowCloudsRGB  BottomCloudRGB  WaterRGBA      Exposure BPThreshold MidGreyValue IntensityBloom ColourCorrectRGB ColourAddRGB Desaturation Contrast Gamma DesaturationFar ContrastFar GammaFar DepthFxNear DepthFxFar LumMin LumMax LumDelay CloudAlpha DirLightMult AmbLightMult0 AmbLightMult1 SkyLightMult SunMult Temperature   Far DOF   Near DOF   Near Blur DOF   Mid Blur DOF   Far Blur DOF    Water Reflection    Particle HDR    Sprite Size		Global sun multiplier ambient occlusion scaler
//Midnight
217 207 255  251 251 255  222 222 222  0 20  218 214 214 214  255 255 255  255 255 255  1.2 1.2 1500.00  79.00  119 120 120  105 105 105   48  48  48 239  0.23 0.00 0.65 2.18  120 120 120   13  13  13  0.55 1 0.85 1.00 1.00 2.00 16.00 128.00  1.46 256.00 0.10  77  1.30  2.53  2.24  2.50 13.00  -8 0.527  0.823529 0.823529 0.823529  0.898039 0.898039 0.898039  0.909804 0.909804 0.909804  0.309804 0.325490 0.360784  1  6.613 0.215 1 0  0.478431 0.478431 0.478431  0.368 0.000 0.000 0.132 0.68 0.488 8.000 0.667 0.365 1 0.026 0.400 0.846 0.000 1.265  0.800000 0.800000 0.800000  0.000  0.568627 0.568627 0.568627  0.000  6.000 0.000 0.685 0.000  24.000 25 26  0.000 0.000 0.98 1 0.000 0.123 1000.000 0 0 0.400 1.000 1.900 0.800 2 1.000 1.000 0.900 0.2 2 1
//5AM
222 205 255  252 250 255  222 222 222  0 24  218 212 212 241  255 255 255  255 255 255  1.2 1.2 1500.00  79.00  119 120 120  105 105 105   33  36  60 239  0.23 0.00 0.65 2.18  120 120 120   19  19  19  0.55 1 0.85 1.00 1.00 2.00 16.00 128.00  1.46 256.00 0.10  77  1.30  2.53  2.24  2.50 13.00  -8 0.527  0.694118 0.800000 1.000000  0.992157 0.874510 0.803922  0.847059 0.913725 1.000000  0.321569 0.321569 0.321569  1  6.613 0.215 1 0  0.478431 0.478431 0.478431  0.368 0.000 0.000 0.132 0.68 0.488 8.000 0.667 0.365 1 0.026 0.400 0.846 0.000 1.265  0.800000 0.800000 0.800000  0.000  0.568627 0.568627 0.568627  0.000  6.000 0.000 0.685 0.000  24.000 25 26  0.000 0.000 0.98 1 0.000 0.148 1000.000 0 0 0.400 1.000 2.400 0.750 2 1.000 1.000 0.900 0.2 2 1
//6AM
218 206 255  249 251 255  222 222 222  0 22  218 245 205 200  255 255 255  255 255 255  1.5 1.5 1500.00  79.00  119 120 120  105 105 105   31  31  31 239  0.23 0.00 0.65 2.18  120 120 120   26  26  26  0.55 1 0.85 1.00 1.00 1.49 16.00 128.00  1.46 256.00 0.10  77  1.30  2.53  2.24  2.50 13.00  -8 0.527  0.749020 0.823529 1.000000  0.964706 0.882353 0.792157  0.850980 0.913725 1.000000  0.309804 0.325490 0.360784  1  6.613 0.215 1 0  0.478431 0.478431 0.478431  0.368 0.000 0.000 0.132 0.68 0.488 8.000 0.667 0.365 1 0.026 0.400 0.846 0.000 1.265  0.800000 0.800000 0.800000  0.000  0.568627 0.568627 0.568627  0.000  6.000 0.000 0.685 0.000  24.000 25 26  0.000 0.000 0.98 1 0.000 0.149 1000.000 0 0 0.400 1.000 2.350 0.850 2 1.000 1.000 0.900 0.2 2 1
//7AM
195 224 255  250 231 181  252 255 255  0 26  161 131 138 162  255 255 255  255 255 255  2.4 2.4 1500.00  73.00  119 120 120  105 105 105   26  37  61 239  0.10 0.00 0.61 2.88  122 122 122   38  38  38  0.36 1 0.76 1.00 1.00 0.85 16.00 128.00  1.46 256.00 0.10  77 15.00  9.50  8.50 14.50 13.00 -10 0.500  0.733333 0.827451 1.000000  0.670588 0.596078 0.301961  0.850980 0.913725 1.000000  0.321569 0.321569 0.321569  1  1.860 0.203 1 0  0.478431 0.478431 0.478431  0.396 0.000 0.000 0.132 0.68 0.757 8.000 0.667 1.700 1 0.088 0.400 0.124 0.000 1.265  0.800000 0.800000 0.800000  0.140  0.886275 0.796078 0.674510  0.164  5.000 0.000 0.685 0.000  24.000 25 26  0.000 0.000 0.98 1 0.000 0.101  25.000 0 0 0.300 1.000 1.000 1.200 2 1.000 1.000 0.000 2.0 1 1
//9AM
191 225 255  255 255 255  255 255 255  0 27  196 122 127 143  255 255 255  255 255 255  2.4 2.4 1500.00  73.00  119 120 120  105 105 105   24  37  61 239  0.14 0.00 0.61 2.88  117 117 117   59  59  59  0.38 1 1.25 1.00 1.00 0.60 16.00 128.00  1.46 256.00 0.10  77  6.25  9.50  8.50 19.50 4.50 -10 0.500  0.737255 0.827451 1.000000  0.133333 0.635294 0.870588  0.823529 0.921569 1.000000  0.321569 0.321569 0.321569  1  1.860 0.203 1 0  0.478431 0.478431 0.478431  0.396 0.000 0.000 0.132 0.68 0.757 8.000 0.667 1.700 1 0.088 0.400 0.124 0.000 1.265  0.800000 0.800000 0.800000  0.140  0.878431 0.800000 0.674510  0.164  5.000 0.000 0.685 0.000  24.000 25 26  0.000 0.000 0.98 1 0.000 0.119  25.000 0 0 0.300 1.000 1.000 1.050 2 1.000 1.000 0.000 2.0 1 1
//Midday
200 223 255  255 255 255  255 255 255  0 25  196 118 128 144  255 255 255  255 255 255  2.4 2.4 1500.00  73.00  119 120 120  105 105 105   13  39  61 239  0.14 0.00 0.61 2.88  117 117 117   76  76  76  0.38 1 1.13 1.00 1.00 0.60 16.00 128.00  1.46 256.00 0.10  77  6.25  9.50  8.50 19.50 4.50 -10 0.500  0.823529 0.823529 0.823529  0.207843 0.631373 0.878431  0.835294 0.917647 1.000000  0.360784 0.309804 0.313725  1  1.860 0.203 1 0  0.478431 0.478431 0.478431  0.396 0.000 0.000 0.132 0.68 0.757 8.000 0.667 1.700 1 0.088 0.400 0.124 0.000 1.265  0.800000 0.800000 0.800000  0.140  0.807843 0.807843 0.807843  0.164  5.000 0.000 0.685 0.000  24.000 25 26  0.000 0.000 0.98 1 0.000 0.119  25.000 0 0 0.300 1.000 1.000 1.000 2 1.000 1.000 0.000 2.0 1 1
//6PM
208 221 255  220 233 255  255 232 217  0 24  161 206  78   0  255 255 255  255 255 255  1.0 1.0 1500.00  73.00  119 120 120  105 105 105   55  32  18 239  0.14 0.00 0.61 2.88  122 122 122   38  38  38  0.16 1 1.00 0.00 1.00 0.85 16.00 128.00  1.46 256.00 0.10  77 20.75  9.50  8.50 14.50 13.00 -10 0.500  0.635294 0.850980 0.992157  0.211765 0.631373 0.878431  1.000000 0.886275 0.831373  0.360784 0.309804 0.313725  1  1.860 0.203 1 0  0.478431 0.478431 0.478431  0.396 0.000 0.000 0.132 0.68 0.757 8.000 0.667 1.700 1 0.088 0.400 0.124 0.000 1.265  0.800000 0.800000 0.800000  0.140  0.917647 0.784314 0.686275  0.164  6.000 0.000 0.685 0.000  24.000 25 26  0.000 0.000 0.98 1 0.000 0.020  25.000 0 0 0.300 1.000 1.000 1.000 1 1.000 1.000 0.000 2.0 1 1
//7PM
221 216 255  255 255 255  255 255 255  0 12  182 231 170 197  255 255 255  255 255 255  1.0 1.0 1500.00  73.00  119 120 120  105 105 105   58  28  42 239  0.34 0.00 0.61 2.88  117 117 117   26  26  26  0.38 1 0.89 1.00 1.00 1.11 16.00 128.00  1.46 256.00 0.10  77  1.50  2.00  2.00  3.50 13.00 -10 0.500  0.647059 0.850980 0.996078  0.211765 0.631373 0.878431  1.000000 0.878431 0.839216  0.294118 0.329412 0.356863  1  1.860 0.203 1 0  0.478431 0.478431 0.478431  0.396 0.000 0.000 0.132 0.68 0.757 8.000 0.667 1.700 1 0.088 0.400 0.124 0.000 1.265  0.800000 0.800000 0.800000  0.140  0.921569 0.921569 0.921569  0.164  6.000 0.000 0.685 0.000  24.000 25 26  0.000 0.000 0.98 1 0.000 0.124  25.000 0 0 0.300 1.000 1.000 0.500 1 1.000 1.000 0.000 2.0 1 1
//8PM
227 211 255  253 254 255  246 246 246  0 16  182 188 182 230  255 255 255  255 255 255  1.2 1.2 1500.00  73.00  119 120 120  105 105 105   37  35  59 239  0.29 0.00 0.61 2.19  105 105 105   19  19  19  0.39 1 0.72 1.00 1.00 1.49 16.00 128.00  1.46 256.00 0.10  77  1.45  2.14  2.07  3.30 5.00   0 0.527  0.462745 0.478431 0.525490  0.811765 0.909804 1.000000  1.000000 0.886275 0.831373  0.298039 0.325490 0.356863  1  6.613 0.215 1 0  0.478431 0.478431 0.478431  0.368 0.000 0.000 0.132 0.68 0.488 8.000 0.667 0.365 1 0.026 0.400 0.846 0.000 1.265  0.800000 0.800000 0.800000  0.000  0.458824 0.458824 0.458824  0.000  6.000 0.000 0.685 0.000  24.000 25 26  0.000 0.000 0.98 1 0.000 0.090 1000.000 0 0 0.300 1.000 2.100 0.750 2 1.000 1.000 0.400 2.0 1 1
//9PM
222 205 255  250 251 255  222 222 222  0 24  218 214 211 240  255 255 255  255 255 255  1.2 1.2 1500.00  73.00  119 120 120  105 105 105   36  35  59 239  0.23 0.00 0.65 2.70  120 120 120   17  17  17  0.43 1 0.90 1.00 1.00 1.80 16.00 128.00  1.46 256.00 0.10  77  1.32  2.53  2.24  2.70 13.00 -10 0.500  0.725490 0.831373 1.000000  0.811765 0.909804 1.000000  1.000000 0.886275 0.815686  0.301961 0.325490 0.356863  1  6.613 0.215 1 0  0.478431 0.478431 0.478431  0.368 0.000 0.000 0.132 0.68 0.488 8.000 0.667 0.365 1 0.026 0.400 0.846 0.000 1.265  0.800000 0.800000 0.800000  0.000  0.568627 0.568627 0.568627  0.000  6.000 0.000 0.685 0.000  24.000 25 26  0.000 0.000 0.98 1 0.000 0.000 1000.000 0 0 0.300 1.000 2.000 0.800 2 1.000 1.000 0.400 2.0 1 1
//10PM
198 185 255  243 242 255  138 138 138  0 24  218 202 215 243  255 255 255  255 255 255  1.2 1.2 1500.00  73.00  119 120 120  105 105 105   21  38  61 239  0.23 0.00 0.65 2.49  120 120 120   13  13  13  0.57 1 0.90 1.00 1.00 1.65 16.00 128.00  1.46 256.00 0.10  77  0.82  4.01  2.91  2.70 13.00 -10 0.500  0.823529 0.823529 0.823529  0.898039 0.898039 0.898039  0.909804 0.909804 0.909804  0.309804 0.325490 0.360784  1  6.613 0.215 1 0  0.478431 0.478431 0.478431  0.368 0.000 0.000 0.132 0.68 0.488 8.000 0.667 0.365 1 0.026 0.400 0.846 0.000 1.265  0.800000 0.800000 0.800000  0.000  0.568627 0.568627 0.568627  0.000  6.000 0.000 0.685 0.000  24.000 25 26  0.000 0.000 0.98 1 0.000 0.000 1000.000 0 0 0.300 1.000 1.825 0.850 2 1.000 1.000 0.400 2.0 1 1
                                                                                                                                                                                                                                                                                                                                                                                                                                                                                                                                                                                                                                                                                                                                                                                 
////////// LIGHTNING
//Amb0            Amb1            Dir            Sky top        Sky bot        SunCore        SunCorona     SunSz  SprBght FarClp   FogSt   LowCloudsRGB  BottomCloudRGB  WaterRGBA      Exposure BPThreshold MidGreyValue IntensityBloom ColourCorrectRGB ColourAddRGB Desaturation Contrast Gamma DesaturationFar ContrastFar GammaFar DepthFxNear DepthFxFar LumMin LumMax LumDelay CloudAlpha DirLightMult AmbLightMult0 AmbLightMult1 SkyLightMult SunMult Temperature   Far DOF   Near DOF   Near Blur DOF   Mid Blur DOF   Far Blur DOF    Water Reflection    Particle HDR    Sprite Size		Global sun multiplier ambient occlusion scaler
//Midnight
157 143 255  166 166 255    0   0   0  0 35  182  83  83  83  255 255 255  255 255 255  1.0 1.0 1500.00  73.00  119 120 120  105 105 105   76  76  76 125  0.17 0.00 0.61 2.88  120 120 120   13  13  13  0.86 1 0.92 0.82 1.00 0.96 16.00 128.00  1.46 256.00 0.11  77  0.00  5.02  5.53  4.50 13.00 -12 1.393  0.305882 0.305882 0.305882  0.600000 0.600000 0.600000  0.909804 0.909804 0.909804  0.309804 0.325490 0.360784  1  1.298 0.155 1 0  0.200000 0.200000 0.200000  0.102 1.243 0.000 0.132 0.68 0.757 8.000 0.837 1.700 1 0.354 0.400 1.112 0.842 1.265  0.000000 0.000000 0.000000  0.925  0.874510 0.835294 0.792157  0.164  5.000 0.000 0.685 0.000  24.000 25 26  0.000 0.000 0.98 1 0.000 0.419 130.750 0 0 0.000 0.300 2.250 0.850 1 1.000 1.000 0.750 2.0 1 1
//5AM
166 135 255  165 148 255    0   0   0  0 26   79  88  88 108  255 255 255  255 255 255  1.0 1.0 1500.00  73.00  119 120 120  105 105 105   76  76  76 125  0.17 0.00 0.61 2.88  120 120 120   19  19  19  0.86 1 0.92 0.82 1.00 0.96 16.00 128.00  1.46 256.00 0.11  77  0.00  4.51  4.76  4.50 13.00  -7 1.393  0.298039 0.305882 0.325490  0.807843 0.537255 0.352941  0.847059 0.913725 1.000000  0.321569 0.321569 0.321569  1  1.298 0.155 1 0  0.200000 0.200000 0.200000  0.102 1.243 0.000 0.132 0.68 0.757 8.000 0.837 1.700 1 0.354 0.400 1.112 0.842 1.265  0.000000 0.000000 0.000000  0.925  0.898039 0.827451 0.815686  0.164  5.000 0.000 0.685 0.000  24.000 25 26  0.000 0.000 0.98 1 0.000 0.419 130.750 0 0 0.000 0.300 2.575 0.750 1 1.000 1.000 0.750 2.0 1 1
//6AM
253 253 255  136 174 221  255 255 255  0 33  218 158 102  96  255 255 255  255 255 255  1.0 1.0 1500.00  79.00  119 120 120  105 105 105   48  48  48 239  0.20 0.22 0.50 5.03  130 130 130   26  26  26  0.41 1 0.96 1.00 1.00 1.00 16.00 128.00  1.46 256.00 0.10  77  7.00  4.20  7.00  6.50 0.00   0 0.960  0.458824 0.478431 0.525490  0.964706 0.882353 0.792157  0.850980 0.913725 1.000000  0.309804 0.325490 0.360784  1  6.613 0.215 1 0  0.478431 0.478431 0.478431  0.368 0.998 0.000 0.132 0.68 0.488 8.000 0.667 0.365 1 0.026 0.400 0.846 0.890 1.265  0.800000 0.800000 0.800000  0.000  0.568627 0.568627 0.568627  0.000  8.000 0.000 0.685 0.000  24.000 25 26  0.000 0.000 0.98 1 0.000 0.140 1000.000 0 0 0.000 1.000 1.750 0.900 1 1.000 1.000 0.725 2.0 1 1
//7AM
172 213 255  206 187 139   96  96  96  0 43  218 121 124 134  255 255 255  255 255 255  1.0 1.0 1500.00  79.00  119 120 120  105 105 105   26  37  61 239  0.22 0.22 0.50 3.52  120 120 120   38  38  38  0.65 1 0.88 1.00 1.00 1.23 16.00 128.00  1.46 256.00 0.10  77  2.93  6.30  6.20  6.50 0.00   0 1.045  0.454902 0.478431 0.525490  0.933333 0.894118 0.788235  0.850980 0.913725 1.000000  0.321569 0.321569 0.321569  1  6.613 0.215 1 0  0.478431 0.478431 0.478431  0.368 0.998 0.000 0.132 0.68 0.488 8.000 0.667 0.365 1 0.026 0.400 0.846 0.890 1.265  0.800000 0.800000 0.800000  0.000  0.568627 0.568627 0.568627  0.000  8.000 0.000 0.685 0.000  24.000 25 26  0.000 0.000 0.98 1 0.000 0.314 1000.000 0 0 0.000 1.000 1.000 0.900 1 1.000 1.000 0.725 2.0 1 1
//9AM
150 194 230  178 202 215   48  48  48  0 34  182 120 124 134  255 255 255  255 255 255  1.0 1.0 1500.00  73.00  119 120 120  105 105 105   41  41  41 239  0.26 0.22 0.50 2.92  130 130 130   59  59  59  0.75 1 1.09 1.00 1.00 1.26 16.00 128.00  1.46 256.00 0.10  77  1.49  7.03  5.82 10.75 0.00   0 1.045  0.458824 0.478431 0.525490  0.803922 0.909804 1.000000  0.823529 0.921569 1.000000  0.321569 0.321569 0.321569  1  6.613 0.215 1 0  0.478431 0.478431 0.478431  0.368 0.998 0.000 0.132 0.68 0.488 8.000 0.667 0.365 1 0.026 0.400 0.846 0.890 1.265  0.800000 0.800000 0.800000  0.000  0.568627 0.568627 0.568627  0.000  8.000 0.000 0.685 0.000  24.000 25 26  0.000 0.000 0.98 1 0.000 0.314 1000.000 0 0 0.000 1.000 1.000 0.850 1 1.000 1.000 0.725 2.0 1 1
//Midday
252 253 255  145 176 194  255 255 255  0 39   58 118 124 134  255 255 255  255 255 255  1.0 1.0 1500.00 100.00  119 120 120  105 105 105   48  48  48 239  0.28 0.22 0.50 5.03  130 130 130   76  76  76  0.41 1 0.90 1.00 1.00 0.85 16.00 128.00  1.46 256.00 0.10  77  7.00  4.20  7.00  7.25 0.00   0 0.600  0.478431 0.478431 0.478431  0.811765 0.909804 1.000000  0.835294 0.917647 1.000000  0.360784 0.309804 0.313725  1  6.613 0.215 1 0  0.478431 0.478431 0.478431  0.368 0.998 0.000 0.132 0.68 0.488 8.000 0.667 0.365 1 0.026 0.400 0.846 0.890 1.265  0.800000 0.800000 0.800000  0.000  0.568627 0.568627 0.568627  0.000  8.000 0.000 0.685 0.000  24.000 25 26  0.000 0.000 0.98 1 0.000 0.163 1000.000 0 0 0.000 1.000 1.000 0.750 1 1.000 1.000 0.725 2.0 1 1
//6PM
252 253 255  143 173 216  255 255 255  0 37    0 134 122 115  255 255 255  255 255 255  1.0 1.0 1500.00 100.00  119 120 120  105 105 105   44  43  43 239  0.28 0.22 0.50 5.03  130 130 130   38  38  38  0.57 1 0.88 1.00 1.00 1.01 16.00 128.00  1.46 256.00 0.10  77  7.00  4.20  7.00  6.50 0.00   0 0.600  0.435294 0.486275 0.521569  0.811765 0.909804 1.000000  1.000000 0.886275 0.831373  0.360784 0.309804 0.313725  1  6.613 0.215 1 0  0.478431 0.478431 0.478431  0.368 0.998 0.000 0.132 0.68 0.488 8.000 0.667 0.365 1 0.026 0.400 0.846 0.890 1.265  0.800000 0.800000 0.800000  0.000  0.568627 0.568627 0.568627  0.000  8.000 0.000 0.685 0.000  24.000 25 26  0.000 0.000 0.98 1 0.000 0.220 1000.000 0 0 0.000 1.000 1.000 0.700 1 1.000 1.000 0.725 2.0 1 1
//7PM
253 253 255  116 177 227  255 255 255  0 36  182 134 120 126  255 255 255  255 255 255  1.0 1.0 1500.00  73.00  119 120 120  105 105 105   58  28  42 239  0.28 0.22 0.50 5.03  130 130 130   26  26  26  0.41 1 0.99 1.00 1.00 0.85 16.00 128.00  1.46 256.00 0.10  77  7.25  4.75  6.50  6.50 0.00  -2 0.600  0.435294 0.486275 0.521569  0.811765 0.909804 1.000000  1.000000 0.882353 0.843137  0.294118 0.329412 0.356863  1  6.613 0.215 1 0  0.478431 0.478431 0.478431  0.368 0.998 0.000 0.132 0.68 0.488 8.000 0.667 0.365 1 0.026 0.400 0.846 0.890 1.265  0.800000 0.800000 0.800000  0.000  0.568627 0.568627 0.568627  0.000  8.000 0.000 0.685 0.000  24.000 25 26  0.000 0.000 0.98 1 0.000 0.111 1000.000 0 0 0.000 1.000 2.025 0.650 1 1.000 1.000 0.725 2.0 1 1
//8PM
254 253 255  112 176 242  255 255 255  0 57  120 124 123 133  255 255 255  255 255 255  1.0 1.0 1500.00  50.00  119 120 120  105 105 105   26  25  26 239  0.14 0.22 0.50 5.03  130 130 130   19  19  19  0.41 1 1.09 1.00 1.00 0.85 16.00 128.00  1.46 256.00 0.10  77 15.50  9.50 13.75 13.00 0.00   0 0.600  0.462745 0.478431 0.525490  0.811765 0.909804 1.000000  1.000000 0.886275 0.831373  0.298039 0.325490 0.356863  1  6.613 0.215 1 0  0.478431 0.478431 0.478431  0.368 0.998 0.000 0.132 0.68 0.488 8.000 0.667 0.365 1 0.026 0.400 0.846 0.890 1.265  0.329000 0.329000 0.329000  0.000  0.568627 0.568627 0.568627  0.000  8.000 0.000 0.685 0.000  24.000 25 26  0.000 0.000 0.98 1 0.000 0.170 1000.000 0 0 0.000 0.725 2.725 1.050 1 1.000 1.000 0.725 2.0 1 1
//9PM
170 139 255  147 171 255    0   0   0  0 31  120 101 100 166  255 255 255  255 255 255  1.0 1.0 1500.00  50.00  119 120 120  105 105 105   76  76  76 125  0.17 0.00 0.61 2.88  120 120 120   17  17  17  0.86 1 0.92 0.82 1.00 0.96 16.00 128.00  1.46 256.00 0.11  77  0.00  5.02  5.53  4.50 13.00  10 1.393  0.298039 0.305882 0.325490  0.211765 0.631373 0.878431  1.000000 0.886275 0.815686  0.301961 0.325490 0.356863  1  1.298 0.155 1 0  0.200000 0.200000 0.200000  0.102 1.243 0.000 0.132 0.68 0.757 8.000 0.837 1.700 1 0.354 0.400 1.112 0.842 1.265  0.000000 0.000000 0.000000  0.925  0.878431 0.835294 0.792157  0.164  5.000 0.000 0.685 0.000  24.000 25 26  0.000 0.000 0.98 1 0.000 0.419 130.750 0 0 0.000 0.225 2.125 0.750 1 1.000 1.000 0.750 2.0 1 1
//10PM
145 133 255  198 195 255    0   0   0  0 25  120  90 112 150  255 255 255  255 255 255  1.0 1.0 1500.00  50.00  119 120 120  105 105 105   76  76  76 125  0.17 0.00 0.61 2.26  120 120 120   13  13  13  0.89 1 0.92 0.82 1.00 1.27 16.00 128.00  1.46 256.00 0.11  77  0.00  7.07  5.23  4.50 13.00  10 1.393  0.305882 0.305882 0.305882  0.600000 0.600000 0.600000  0.909804 0.909804 0.909804  0.309804 0.325490 0.360784  1  1.298 0.155 1 0  0.200000 0.200000 0.200000  0.102 1.243 0.000 0.132 0.68 0.757 8.000 0.837 1.700 1 0.354 0.400 1.112 0.842 1.265  0.000000 0.000000 0.000000  0.925  0.874510 0.835294 0.792157  0.164  5.000 0.000 0.685 0.000  24.000 25 26  0.000 0.000 0.98 1 0.000 0.419 130.750 0 0 0.000 0.225 2.500 0.800 1 1.000 1.000 0.750 2.0 1 1
                                                                                                                                                                                                                                                                                                                                                                                                                                                                                                                                                                                                                                                                                                                                                                                 
////////// TEMP
//Amb0            Amb1            Dir            Sky top        Sky bot        SunCore        SunCorona     SunSz  SprBght FarClp   FogSt   LowCloudsRGB  BottomCloudRGB  WaterRGBA      Exposure BPThreshold MidGreyValue IntensityBloom ColourCorrectRGB ColourAddRGB Desaturation Contrast Gamma DesaturationFar ContrastFar GammaFar DepthFxNear DepthFxFar LumMin LumMax LumDelay CloudAlpha DirLightMult AmbLightMult0 AmbLightMult1 SkyLightMult SunMult Temperature   Far DOF   Near DOF   Near Blur DOF   Mid Blur DOF   Far Blur DOF    Water Reflection    Particle HDR    Sprite Size		Global sun multiplier ambient occlusion scaler
//Midnight
153 148 169  158 156 174  210 252 252  0  0   79  73 127 171  255 255 255  255 255 255  1.0 1.0 1382.82  73.00  119 120 120  105 105 105   76  76  76 125  0.17 0.00 0.61 2.70  120 120 120    0   0   0  0.87 1 0.92 0.82 1.00 1.03 16.00 128.00  1.46 256.00 0.11  77  2.75  4.45  4.17  4.50 13.00  10 1.393  0.290000 0.306000 0.322000  0.871000 0.486000 0.486000  1.000000 0.894000 0.698000  0.361000 0.310000 0.310000  1  1.298 0.155 1 0  0.200000 0.200000 0.200000  0.102 1.243 0.000 0.132 0.68 0.757 8.000 0.837 1.700 1 0.354 0.400 1.112 0.842 1.265  0.000000 0.000000 0.000000  0.925  0.890000 0.827000 0.800000  0.164  5.000 0.000 0.685 0.000  24.000 25 26  0.000 0.000 0.98 1 0.000 0.419 130.750 0 0 0.000 0.300 1.000 0.975 1 1.000 1.000 0.750 2.0 1 1
//5AM
235 160  21   30 183 217  242 255 217  0  0    0   0 200 255    0   0   0    0   0   0  1.0 1.0 1200.00  50.00   35   9  10   26  30  36    0   0   0  50  0.26 1.86 0.41 10.00  145 145 145    0   0   0  0.42 1 0.72 0.62 1.00 1.50 15.00 348.75  0.47 176.13 0.10   0  0.00  1.60  1.85  0.05 0.00   0 0.565  0.678000 0.839000 1.000000  0.812000 0.906000 1.000000  1.000000 0.894000 0.698000  0.361000 0.310000 0.310000  1  6.613 0.215 1 0  0.478000 0.478000 0.478000  0.368 0.998 0.000 0.132 0.68 0.757 8.000 0.667 1.700 1 0.088 0.400 0.124 0.890 1.265  0.800000 0.800000 0.800000  0.140  0.953000 0.761000 0.761000  0.164 100.000 0.000 0.685 0.000  24.000 25 26  0.000 0.000 0.98 1 0.000 0.000 1000.000 0 0 0.475 1.000 4.650 0.775 1 1.000 1.000 0.000 2.0 1 1
//6AM
255 227 166  250 136  42  255 179  42  0  0   24 255 140 140  255 255 255  255 255 255  1.0 1.0 1500.00  73.00  119 120 120  105 105 105   61  31   0 239  0.14 0.00 0.61 2.88  122 122 122    0   0   0  0.66 1 0.71 0.82 1.00 1.18 16.00 128.00  1.46 256.00 0.17  77 20.75  4.00  4.50 12.75 13.00  10 0.032  0.678000 0.839000 1.000000  0.871000 0.486000 0.486000  1.000000 0.894000 0.698000  1.000000 0.882000 0.588000  1  1.860 0.203 1 0  0.478000 0.478000 0.478000  0.396 1.296 0.252 0.132 0.68 0.757 8.000 0.667 1.700 1 0.088 0.400 0.124 0.890 1.265  0.800000 0.800000 0.800000  0.140  0.953000 0.761000 0.761000  0.164 25.000 0.000 0.685 0.000  24.000 25 26  0.000 0.000 0.98 1 0.000 0.000 1000.000 0 0 0.225 1.000 1.050 1.000 1 1.000 1.000 0.800 2.0 1 1
//7AM
255 255 255  255 254 255  255 255 255  0  0    0 156 209 255  255 255 255  255 255 255  1.0 1.0 1200.00 100.00  120 120 120  105 105 105    0  40  60 240  0.11 0.22 0.50 0.63  128 128 128    0   0   0  0.80 1 0.72 1.00 1.00 0.85 16.00 128.00  1.46 256.00 0.10  77 46.00  2.00 10.25 14.50 13.00  15 1.500  0.678000 0.839000 1.000000  0.922000 0.961000 1.000000  1.000000 0.894000 0.698000  0.361000 0.310000 0.310000  1  2.175 0.430 1 0  0.478000 0.478000 0.478000  0.345 0.000 0.000 0.132 0.68 0.757 8.000 0.000 1.572 1 0.088 0.400 0.124 0.000 1.265  0.800000 0.800000 0.800000  0.295  0.761000 0.737000 0.722000  0.274 100.000 0.000 0.685 0.000  24.000 25 26  0.000 0.000 0.98 1 0.062 0.259 1000.000 0 0 0.000 1.000 1.000 1.000 1 1.000 1.000 0.875 2.0 1 1
//9AM
255 255 255  255 254 255  255 255 255  0  0    0 156 209 255  255 255 255  255 255 255  1.0 1.0 1200.00 100.00  120 120 120  105 105 105    0  40  60 240  0.11 0.22 0.50 5.03  120 120 120    0   0   0  0.80 1 0.72 1.00 1.00 0.85 16.00 128.00  1.46 256.00 0.10  77  0.00 22.00 22.00 14.50 13.00  15 0.030  0.678000 0.839000 1.000000  0.922000 0.961000 1.000000  1.000000 0.894000 0.698000  0.361000 0.310000 0.310000  1  2.175 0.430 1 0  0.478000 0.478000 0.478000  0.345 0.000 0.000 0.132 0.68 0.757 8.000 0.000 1.572 1 0.088 0.400 0.124 0.000 1.265  0.800000 0.800000 0.800000  0.295  0.761000 0.737000 0.722000  0.274 100.000 0.000 0.685 0.000  24.000 25 26  0.000 0.000 0.98 1 0.062 0.259 1000.000 0 0 0.000 1.000 1.000 1.000 1 1.000 1.000 0.000 2.0 1 1
//Midday
255 242 242  247 240 240  255 254 252  0  0    0  65 158 240  255 255 255  255 255 255  1.0 1.0 1200.00  73.00  119 120 120  105 105 105    0  40  60 239  0.22 0.48 0.48 0.17  128 128 128    0   0   0  1.00 1 1.00 1.00 1.00 1.00 16.00 128.00  0.28 256.00 0.10  77  3.50  3.50  3.75  3.25 13.00  10 0.500  0.282000 0.471000 0.659000  0.871000 0.486000 0.486000  1.000000 0.894000 0.698000  0.361000 0.310000 0.310000  1  1.298 0.165 1 0  0.451000 0.431000 0.427000  0.303 0.438 0.000 0.132 0.68 0.757 8.000 0.667 1.700 1 0.645 0.400 0.124 0.425 1.265  0.000000 0.000000 0.000000  0.140  0.941000 0.631000 0.490000  0.164 100.000 0.000 0.685 0.000  24.000 25 26  0.000 0.000 0.98 1 0.032 0.000 1000.000 0 0 0.325 1.000 1.000 1.000 1 1.000 1.000 1.000 2.0 1 1
//6PM
166 230 255  255 195 117  250 228 117  0  0    0 155 209 255  255 255 255  255 255 255  1.0 1.0 1200.00  73.00  119 120 120  105 105 105    0  40  60 239  0.15 0.00 0.61 2.88  122 122 122    0   0   0  0.66 1 0.71 0.82 1.00 0.85 16.00 128.00  1.46 256.00 0.10  77 20.75  9.50  8.50 14.50 13.00  10 0.500  0.678000 0.839000 1.000000  0.871000 0.486000 0.486000  1.000000 0.894000 0.698000  0.361000 0.310000 0.310000  1  1.860 0.203 1 0  0.451000 0.431000 0.427000  0.396 1.109 0.000 0.132 0.68 0.757 8.000 0.667 1.700 1 0.754 0.400 0.124 0.890 1.265  0.000000 0.000000 0.000000  0.140  0.953000 0.761000 0.761000  0.164 100.000 0.000 0.685 0.000  24.000 25 26  0.000 0.000 0.98 1 0.000 0.000 1000.000 0 0 0.000 1.000 1.000 1.000 1 1.000 1.000 0.000 2.0 1 1
//7PM
250 253 255  117 172 255  255 232 255  0  0    0 155 209 255  255 255 255  255 255 255  1.0 1.0 1500.00  73.00  119 120 120  105 105 105    0  40  60 239  0.11 0.00 0.50 1.30  140 140 140    0   0   0  0.36 1 0.72 1.00 1.00 1.00 16.00 128.00  1.46 256.00 0.10  77 15.50  9.50 13.75 14.50 13.00   0 0.460  0.678000 0.839000 1.000000  0.812000 0.906000 1.000000  1.000000 0.894000 0.698000  0.361000 0.310000 0.310000  1  6.613 0.215 1 0  0.478000 0.478000 0.478000  0.368 0.998 0.000 0.132 0.68 0.757 8.000 0.667 1.700 1 0.088 0.400 0.124 0.890 1.265  0.800000 0.800000 0.800000  0.140  0.953000 0.761000 0.761000  0.164  8.000 0.000 0.685 0.000  24.000 25 26  0.000 0.000 0.98 1 0.000 0.000 1000.000 0 0 0.000 1.000 1.000 1.000 1 1.000 1.000 0.700 2.0 1 1
//8PM
255 227 166  250 136  42  255 134  42  0  0   24 255 140 140  255 255 255  255 255 255  1.0 1.0 1500.00  73.00  119 120 120  105 105 105   61  31   0 239  0.14 0.00 0.61 2.88  122 122 122    0   0   0  0.66 1 0.71 0.82 1.00 1.18 16.00 128.00  1.46 256.00 0.17  77 20.75  4.00  4.50 10.00 13.00  10 0.400  1.000000 0.839000 0.678000  0.871000 0.486000 0.486000  1.000000 0.894000 0.698000  1.000000 0.882000 0.588000  1  1.860 0.203 1 0  0.478000 0.478000 0.478000  0.396 1.296 0.252 0.132 0.68 0.757 8.000 0.667 1.700 1 0.088 0.400 0.124 0.890 1.265  0.800000 0.800000 0.800000  0.140  0.949000 0.906000 0.761000  0.164 100.000 0.000 0.685 0.000  24.000 25 26  0.000 0.000 0.98 1 0.000 0.000 1000.000 0 0 0.225 1.000 1.050 1.000 1 1.000 1.000 0.000 2.0 1 1
//9PM
255 227 166  250 136  42  255 134  42  0  0   24 255 140 140  255 255 255  255 255 255  1.0 1.0 1500.00  73.00  119 120 120  105 105 105   61  31   0 239  0.14 0.00 0.61 2.88  122 122 122    0   0   0  0.66 1 0.71 0.82 1.00 1.18 16.00 128.00  1.46 256.00 0.17  77 20.75  4.00  4.50 10.00 13.00  10 0.400  1.000000 0.839000 0.678000  0.871000 0.486000 0.486000  1.000000 0.894000 0.698000  1.000000 0.882000 0.588000  1  1.860 0.203 1 0  0.478000 0.478000 0.478000  0.396 1.296 0.252 0.132 0.68 0.757 8.000 0.667 1.700 1 0.088 0.400 0.124 0.890 1.265  0.800000 0.800000 0.800000  0.140  0.949000 0.906000 0.761000  0.164 100.000 0.000 0.685 0.000  24.000 25 26  0.000 0.000 0.98 1 0.000 0.000 1000.000 0 0 0.225 1.000 1.050 1.000 1 1.000 1.000 0.000 2.0 1 1
//10PM
0   180 240    0 180 240    0  46 240  0  0    0   0   0   0  255 128   0  255 128   0  1.0 1.0  600.00  10.00   70  27  10   15  11  34   15  18  20 240  3.66 0.77 0.19 1.25  128 128 128    0   0   0  0.85 1 0.83 1.00 1.00 1.00 16.00 128.00  3.49 256.00 0.20   0  4.50  1.00  1.00  4.00 1.00   0 2.000  0.000000 0.500000 1.000000  0.000000 0.500000 1.000000  0.000000 0.500000 1.000000  1.000000 0.500000 0.000000  1 11.000 1.000 1 0  0.800000 0.800000 0.800000  1.000 0.500 0.100 0.312 0.68 0.500 8.000 0.312 1.700 1 0.088 0.300 0.000 1.580 1.200  0.800000 0.800000 0.800000  0.000  0.952000 0.762000 0.762000  0.000  1.700 0.315 0.685 0.041  24.000 25 26  0.143 0.000 0.98 1 0.000 2.000 1000.000 0 0 0.000 1.000 1.000 1.000 1 1.000 1.000 0.000 2.0 1 1
