////////// EXTRASUNNY
//Amb0            Amb1            Dir            Sky top        Sky bot        SunCore        SunCorona     SunSz  SprBght FarClp   FogSt   LowCloudsRGB  BottomCloudRGB  WaterRGBA      Exposure BPThreshold MidGreyValue IntensityBloom ColourCorrectRGB ColourAddRGB Desaturation Contrast Gamma DesaturationFar ContrastFar GammaFar DepthFxNear DepthFxFar LumMin LumMax LumDelay CloudAlpha DirLightMult AmbLightMult0 AmbLightMult1 SkyLightMult SunMult Temperature   Far DOF   Near DOF   Near Blur DOF   Mid Blur DOF   Far Blur DOF    Water Reflection    Particle HDR    Sprite Size		Global sun multiplier ambient occlusion scaler
//Midnight
 98 165 179 102 183 217 91 172 196 0 0 60 68 113 130 0 0 0 0 0 0 0.85 0.85 2500.00 60.00 35 35 35 36 36 36 8 13 14 154 2.54 0.30 0.71 4.95 84 107 115 0 0 0 0.80 1.00 0.75 0.80 1.00 1.23 15.75 182.64 19.88 256.00 0.00 0 1.87 2.98 3.03 2.15 3.00 0 1.389 0.070 0.110 0.130 0.400 0.606 1.000 0.750 0.673 0.525 0.360 0.360 0.360 1.000 4.975 0.085 1.000 0.000 0.435 0.435 0.435 0.570 0.650 0.265 0.132 0.680 0.757 8.000 0.667 1.700 1.000 0.188 1.260 0.124 0.890 1.265 0.666 0.666 0.666 0.063 0.885 0.885 0.885 0.624 6.900 0.370 0.180 0.037 24.950 25.000 26.000 0.135 1.055 0.980 1.000 0.000 0.000 1000.000 0.000 0.000 0.000 0.000 2.500 0.750 1.000 1.000 1.000 0.800 2.00 1.000 1.000
//5AM
 96 169 181 111 189 232 87 174 199 0 0 55 73 118 135 0 0 0 0 0 0 0.90 0.90 2500.00 60.00 35 35 35 36 36 36 8 14 15 154 2.53 0.30 0.69 1.25 84 107 115 0 0 0 0.80 1.00 0.74 0.80 1.00 1.23 15.79 174.12 19.88 256.00 0.03 0 1.97 3.05 3.40 2.35 3.00 1 1.080 0.070 0.110 0.130 0.400 0.606 0.950 0.750 0.710 0.553 0.360 0.360 0.360 1.000 4.975 0.090 1.000 0.000 0.445 0.445 0.445 0.570 0.650 0.260 0.132 0.680 0.757 8.000 0.667 1.700 1.000 0.188 1.260 0.124 0.892 1.265 0.686 0.686 0.686 0.075 0.700 0.630 0.560 0.550 9.697 0.370 0.165 0.024 24.000 25.000 26.000 0.135 0.880 0.980 1.000 0.000 0.000 1000.000 0.000 0.000 0.141 0.428 2.300 1.000 1.000 1.000 1.000 0.733 2.00 1.000 1.000
//6AM
 158 213 255 250 213 166 255 173 121 0 0 29 165 195 250 249 237 237 249 237 237 1.00 1.00 2500.00 90.00 243 245 243 236 235 232 9 36 42 239 0.21 0.30 0.51 1.55 111 115 93 0 0 0 0.80 1.00 0.76 0.80 1.00 1.15 16.01 131.49 1.46 255.00 0.17 71 14.15 4.45 8.40 7.50 13.00 6 0.379 0.695 0.840 0.950 0.700 0.514 1.000 1.000 0.894 0.698 0.975 0.790 0.535 1.000 4.205 0.210 1.000 0.000 0.450 0.370 0.265 0.225 1.150 0.240 0.132 0.680 0.757 8.000 0.667 1.700 1.000 0.140 1.000 0.124 0.901 1.265 0.795 0.795 0.795 0.138 0.880 0.695 0.440 0.600 8.000 0.006 0.674 0.000 24.029 25.000 26.000 0.002 0.005 0.980 1.000 0.000 0.000 1000.000 0.000 0.000 0.216 1.000 1.061 1.100 1.000 1.000 1.000 0.900 2.00 1.000 1.000
//7AM
 255 229 192 250 218 179 237 172 121 0 0 29 255 210 175 255 255 255 255 255 255 1.00 1.00 2500.00 90.00 249 250 250 235 235 235 2 7 12 239 0.18 0.30 0.58 2.90 115 106 92 0 0 0 0.80 1.00 0.75 0.80 1.00 1.15 15.99 127.95 1.46 256.00 0.17 77 17.25 4.00 5.50 8.50 13.25 6 0.400 0.655 0.810 0.950 0.580 0.486 1.000 1.000 0.894 0.698 1.000 0.815 0.560 1.000 2.865 0.215 1.000 0.000 0.450 0.370 0.265 0.225 1.150 0.250 0.132 0.680 0.757 8.000 0.667 1.700 1.000 0.138 1.000 0.124 0.890 1.265 0.800 0.800 0.800 0.140 0.940 0.755 0.500 0.600 8.000 0.000 0.685 0.000 24.000 25.000 26.000 0.000 0.000 0.980 1.000 0.000 0.000 1000.000 0.000 0.000 0.225 1.000 1.050 1.000 1.000 1.000 1.000 0.600 2.00 1.000 1.000
//9AM
 162 205 252 250 219 185 245 198 150 0 0 15 160 200 255 255 255 255 255 255 255 1.00 1.00 2500.00 90.00 249 250 250 235 235 235 5 20 26 240 0.20 0.30 0.62 2.60 115 113 94 0 0 0 0.80 1.00 0.77 0.80 1.00 1.12 16.00 128.00 1.47 255.50 0.10 217 13.80 4.35 5.00 8.80 12.25 7 0.458 0.625 0.770 0.955 0.560 0.675 1.000 1.000 0.675 0.698 0.361 0.361 0.361 1.100 3.030 0.340 1.000 0.000 0.460 0.460 0.460 0.240 1.220 0.285 0.132 0.680 0.000 8.000 0.667 1.700 1.000 0.138 1.000 0.500 0.600 0.435 0.800 0.800 0.800 1.265 0.920 0.905 0.875 0.755 1.700 0.000 0.685 0.000 24.000 25.000 26.000 0.000 0.000 0.980 1.000 0.000 0.000 1000.000 0.000 0.000 0.200 1.000 1.000 0.800 1.000 1.000 1.000 0.700 2.00 1.000 1.000
//Midday
 158 201 255 250 222 194 250 207 164 0 0 15 160 205 255 255 255 255 255 255 255 1.00 1.00 2500.00 90.00 249 250 250 235 235 235 5 20 26 211 0.21 0.30 0.61 2.70 115 114 95 0 0 0 0.80 1.00 0.81 0.80 1.00 1.15 16.00 128.00 1.47 255.50 0.10 77 14.10 4.40 5.15 8.70 14.00 9 0.460 0.600 0.750 0.960 0.580 0.675 1.000 1.000 0.894 0.698 0.361 0.361 0.361 1.000 3.015 0.345 1.000 0.000 0.460 0.460 0.460 0.240 1.220 0.285 0.132 0.680 0.757 8.000 0.667 1.700 1.000 0.138 1.000 0.124 0.725 1.265 0.800 0.800 0.800 0.140 0.940 0.935 0.930 0.790 5.000 0.000 0.685 0.000 24.000 25.000 26.000 0.000 0.000 0.980 1.000 0.032 0.000 130.750 0.000 0.000 0.000 1.000 1.000 0.800 1.000 1.000 1.000 0.750 2.00 1.000 1.000
//6PM
 155 200 255 250 218 185 240 193 145 0 0 15 155 200 255 255 255 255 255 255 255 1.00 1.00 2500.00 90.00 249 250 250 235 235 235 5 20 26 240 0.20 0.30 0.61 2.80 115 112 94 0 0 0 0.80 1.00 0.79 0.80 1.00 1.12 16.00 128.00 1.46 256.00 0.17 217 13.80 4.30 5.30 8.70 13.25 8 0.360 0.610 0.760 0.950 0.580 0.675 1.000 1.000 0.675 0.698 0.361 0.361 0.361 1.000 3.045 0.340 1.000 0.000 0.460 0.460 0.460 0.240 1.220 0.285 0.132 0.680 0.000 8.000 0.667 1.700 1.000 0.138 1.000 0.500 0.650 0.435 0.800 0.800 0.800 1.265 0.940 0.920 0.890 0.790 1.700 0.000 0.685 0.000 24.000 25.000 26.000 0.000 0.000 0.980 1.000 0.000 0.000 1000.000 0.000 0.000 0.200 1.000 1.000 1.000 1.000 1.000 1.000 0.700 2.00 1.000 1.000
//7PM
 255 220 200 255 201 157 255 178 125 0 0 5 255 200 165 255 255 255 255 255 255 1.00 1.00 2500.00 90.00 249 250 250 235 235 235 24 11 4 239 0.16 0.30 0.63 2.45 115 106 92 0 0 0 0.80 1.00 0.76 0.80 1.00 1.20 16.00 128.00 1.46 256.00 0.17 77 15.70 4.20 5.60 9.50 13.40 8 0.400 0.945 0.760 0.560 0.780 0.635 0.500 1.000 0.894 0.698 1.000 0.805 0.570 1.000 4.320 0.340 1.000 0.000 0.400 0.315 0.230 0.270 1.150 0.250 0.132 0.680 0.757 8.000 0.667 1.700 1.000 0.138 1.000 0.124 0.890 1.265 0.800 0.800 0.800 0.140 0.890 0.695 0.460 0.600 8.000 0.000 0.685 0.000 24.000 25.000 26.000 0.000 0.000 0.980 1.000 0.000 0.000 1000.000 0.000 0.000 0.225 1.000 1.050 1.000 1.000 1.000 1.000 0.600 2.00 1.000 1.000
//8PM
 255 220 198 251 186 137 255 170 115 0 0 5 255 195 160 255 255 255 255 255 255 1.00 1.00 2500.00 90.00 249 250 250 235 235 235 23 11 4 239 0.18 0.30 0.63 2.45 115 106 92 0 0 0 0.80 1.00 0.77 0.80 1.00 1.20 16.00 128.00 1.46 256.00 0.17 77 15.70 4.50 5.60 9.40 13.55 7 0.400 0.940 0.740 0.560 0.780 0.635 0.500 1.000 0.894 0.698 1.000 0.805 0.570 1.000 4.320 0.330 1.000 0.000 0.400 0.315 0.230 0.270 1.150 0.250 0.132 0.680 0.757 8.000 0.667 1.700 1.000 0.138 1.000 0.124 0.890 1.265 0.800 0.800 0.800 0.140 0.890 0.695 0.460 0.585 8.000 0.000 0.685 0.000 24.000 25.000 26.000 0.000 0.000 0.980 1.000 0.000 0.000 1000.000 0.000 0.000 0.225 1.000 1.050 1.000 1.000 1.000 1.000 0.700 2.00 1.000 1.000
//9PM
 161 201 235 235 147 105 235 158 116 0 0 2 77 99 120 255 255 255 255 255 255 1.00 1.00 2500.00 90.00 249 250 250 235 235 235 8 16 25 239 0.34 0.30 0.57 2.45 115 102 86 0 0 0 0.80 1.00 0.78 0.80 1.00 1.20 16.00 128.00 1.46 256.00 0.17 77 9.00 3.25 3.25 5.25 15.00 7 0.400 0.410 0.480 0.590 0.785 0.635 1.000 1.000 0.894 0.698 0.900 0.625 0.490 1.000 4.320 0.245 1.000 0.000 0.400 0.320 0.320 0.220 1.050 0.250 0.132 0.680 0.757 8.000 0.667 1.700 1.000 0.138 1.000 0.124 0.890 1.265 0.071 0.071 0.071 0.140 0.800 0.525 0.390 0.340 8.000 0.060 0.685 0.024 24.000 25.000 26.000 0.070 0.880 0.980 1.000 0.000 0.000 1000.000 0.000 0.000 0.225 1.000 1.050 0.800 1.000 1.000 1.000 0.700 2.00 1.000 1.000
//10PM
 99 167 179 98 184 217 87 171 187 0 0 60 73 118 135 0 0 0 0 0 0 0.85 0.85 2500.00 60.00 35 35 35 36 36 36 8 13 14 154 2.51 0.30 0.71 4.90 84 107 115 0 0 0 0.80 1.00 0.75 0.80 1.00 1.23 15.67 181.86 19.86 256.00 0.00 0 1.66 2.98 3.03 2.25 3.00 0 1.382 0.070 0.110 0.130 0.400 0.606 1.000 0.750 0.673 0.525 0.360 0.360 0.360 1.000 4.975 0.085 1.000 0.000 0.435 0.435 0.435 0.570 0.650 0.265 0.132 0.680 0.757 8.000 0.667 1.700 1.000 0.188 1.260 0.124 0.890 1.265 0.666 0.666 0.666 0.063 0.885 0.885 0.885 0.624 6.900 0.370 0.180 0.029 24.950 25.000 26.000 0.135 1.055 0.980 1.000 0.000 0.000 1000.000 0.000 0.000 0.126 0.314 2.400 0.750 1.000 1.000 1.000 0.800 2.00 1.000 1.000

////////// SUNNY
//Amb0            Amb1            Dir            Sky top        Sky bot        SunCore        SunCorona     SunSz  SprBght FarClp   FogSt   LowCloudsRGB  BottomCloudRGB  WaterRGBA      Exposure BPThreshold MidGreyValue IntensityBloom ColourCorrectRGB ColourAddRGB Desaturation Contrast Gamma DesaturationFar ContrastFar GammaFar DepthFxNear DepthFxFar LumMin LumMax LumDelay CloudAlpha DirLightMult AmbLightMult0 AmbLightMult1 SkyLightMult SunMult Temperature   Far DOF   Near DOF   Near Blur DOF   Mid Blur DOF   Far Blur DOF    Water Reflection    Particle HDR    Sprite Size		Global sun multiplier ambient occlusion scaler
//Midnight
 168 177 182 166 175 180 190 199 204 0 0 0 15 15 15 0 0 0 0 0 0 0.85 0.85 2500.00 70.00 35 35 35 36 36 36 10 10 10 150 2.50 0.30 0.70 2.45 106 112 115 5 5 5 0.80 1.00 0.74 0.80 1.00 1.25 15.00 348.75 19.88 256.00 0.00 0 1.87 2.77 2.58 2.85 3.00 0 0.643 0.120 0.118 0.116 0.500 0.561 0.060 0.000 0.000 0.000 0.360 0.360 0.360 1.000 11.205 0.000 1.000 0.000 0.310 0.310 0.310 0.368 0.099 1.070 0.132 0.680 0.757 8.000 0.667 1.700 1.000 0.188 1.513 0.124 0.890 1.265 0.259 0.259 0.259 0.140 0.950 0.950 0.950 0.164 8.000 0.380 0.174 0.029 25.000 25.500 26.000 0.125 0.095 0.980 1.000 0.000 0.000 1000.000 0.000 0.000 0.000 0.250 2.450 0.800 1.000 1.000 1.000 0.900 2.00 1.000 1.000
//5AM
 167 177 182 165 175 180 200 209 214 0 0 0 15 15 15 0 0 0 0 0 0 0.90 0.90 2500.00 70.00 35 35 35 36 36 36 10 10 10 150 2.49 0.30 0.68 2.45 106 112 115 0 0 0 0.80 1.00 0.74 0.80 1.00 1.25 15.00 348.75 19.88 256.00 0.00 0 1.87 2.85 3.50 2.95 3.00 0 0.643 0.120 0.118 0.116 0.500 0.561 0.060 0.000 0.000 0.000 0.360 0.360 0.360 1.000 11.205 0.000 1.000 0.000 0.310 0.310 0.310 0.368 0.099 1.070 0.132 0.680 0.757 8.000 0.667 1.700 1.000 0.188 1.513 0.124 0.890 1.265 0.259 0.259 0.259 0.140 0.670 0.600 0.530 0.164 8.000 0.380 0.165 0.024 24.000 25.000 26.000 0.125 0.880 0.980 1.000 0.000 0.000 1000.000 0.000 0.000 0.100 0.250 2.250 0.800 1.000 1.000 1.000 0.900 2.00 1.000 1.000
//6AM
 152 210 255 250 224 188 253 196 153 0 0 47 145 185 230 249 237 237 249 237 237 1.00 1.00 2500.00 100.00 249 250 250 235 235 235 9 36 42 240 0.21 0.30 0.51 1.85 100 115 103 0 0 0 0.80 1.00 0.78 0.80 1.00 1.13 16.00 128.00 1.46 255.00 0.20 0 13.65 4.25 7.95 7.40 12.50 4 0.460 0.715 0.860 0.945 0.700 0.606 1.000 1.000 0.894 0.698 0.975 0.800 0.555 1.000 4.615 0.200 1.000 0.000 0.450 0.380 0.280 0.225 1.150 0.000 0.132 0.680 0.757 8.000 0.667 1.700 1.000 0.115 0.900 0.124 0.901 1.265 0.795 0.795 0.795 0.140 0.880 0.705 0.460 0.600 25.000 0.000 0.685 0.000 24.000 25.000 26.000 0.000 0.000 0.980 1.000 0.000 0.000 1000.000 0.000 0.000 0.150 1.000 1.000 1.400 1.000 1.000 1.000 0.800 2.00 1.000 1.000
//7AM
 255 239 205 250 225 198 235 187 145 0 0 55 255 217 185 255 255 255 255 255 255 1.00 1.00 2500.00 100.00 249 250 250 235 235 235 6 25 32 239 0.18 0.30 0.58 2.90 115 108 95 0 0 0 0.80 1.00 0.77 0.80 1.00 1.13 16.00 128.00 1.46 256.00 0.17 77 16.75 3.80 5.00 8.30 12.75 5 0.400 0.675 0.830 0.945 0.580 0.512 1.000 1.000 0.894 0.698 1.000 0.825 0.580 1.000 2.860 0.205 1.000 0.000 0.450 0.380 0.280 0.225 1.150 0.200 0.132 0.680 0.757 8.000 0.667 1.700 1.000 0.113 0.900 0.124 0.890 1.265 0.800 0.800 0.800 0.140 0.930 0.755 0.510 0.600 25.000 0.000 0.685 0.000 24.000 25.000 26.000 0.000 0.000 0.980 1.000 0.000 0.000 1000.000 0.000 0.000 0.225 1.000 1.050 1.000 1.000 1.000 1.000 0.000 2.00 1.000 1.000
//9AM
 163 246 237 238 220 203 240 208 183 0 0 29 150 200 255 255 255 255 255 255 255 1.00 1.00 2500.00 100.00 249 250 250 235 235 235 5 20 26 239 0.20 0.30 0.61 2.60 102 115 105 0 0 0 0.80 1.00 0.79 0.80 1.00 1.10 15.94 127.65 1.47 255.50 0.10 77 13.35 4.10 4.65 8.70 11.75 6 0.458 0.645 0.790 0.950 0.560 0.689 1.000 1.000 0.894 0.698 0.361 0.361 0.361 1.000 3.035 0.335 1.000 0.000 0.460 0.460 0.460 0.240 1.220 0.210 0.132 0.680 0.000 8.000 0.667 1.700 1.000 0.113 0.900 0.500 0.600 0.435 0.800 0.800 0.800 0.140 0.920 0.910 0.890 0.765 8.000 0.000 0.685 0.000 24.000 25.000 26.000 0.000 0.000 0.980 1.000 0.000 0.000 1000.000 0.000 0.000 0.300 1.000 1.025 0.800 1.000 1.000 1.000 0.725 2.00 1.000 1.000
//Midday
 159 248 240 240 225 212 245 216 195 0 0 29 155 195 255 255 255 255 255 255 255 1.00 1.00 2500.00 100.00 249 250 250 235 235 235 5 20 26 210 0.21 0.30 0.61 2.70 102 115 106 0 0 0 0.80 1.00 0.83 0.80 1.00 1.13 15.94 127.65 1.47 255.50 0.10 77 13.65 4.20 4.70 8.70 13.50 7 0.458 0.620 0.770 0.955 0.580 0.569 1.000 1.000 0.894 0.698 0.361 0.361 0.361 1.000 3.020 0.340 1.000 0.000 0.460 0.460 0.460 0.240 1.220 0.210 0.132 0.680 0.757 8.000 0.667 1.700 1.000 0.113 0.900 0.124 0.725 1.265 0.800 0.800 0.800 0.140 0.940 0.935 0.930 0.800 8.000 0.000 0.685 0.000 24.000 25.000 26.000 0.000 0.000 0.980 1.000 0.000 0.000 1000.000 0.000 0.000 0.300 1.000 1.025 0.800 1.000 1.000 1.000 0.725 2.00 1.000 1.000
//6PM
 165 248 236 240 222 205 235 203 178 0 0 29 150 200 255 255 255 255 255 255 255 1.00 1.00 2500.00 100.00 249 250 250 235 235 235 5 20 26 239 0.20 0.30 0.61 2.80 102 115 106 0 0 0 0.80 1.00 0.81 0.80 1.00 1.10 16.00 128.00 1.46 256.00 0.17 77 13.35 4.10 4.85 8.70 12.75 6 0.400 0.630 0.780 0.945 0.580 0.486 1.000 1.000 0.894 0.698 0.361 0.361 0.361 1.000 3.050 0.335 1.000 0.000 0.460 0.460 0.460 0.240 1.220 0.185 0.132 0.680 0.000 8.000 0.667 1.700 1.000 0.113 0.900 0.500 0.650 0.435 0.800 0.800 0.800 0.140 0.940 0.925 0.905 0.800 8.000 0.000 0.685 0.000 24.000 25.000 26.000 0.000 0.000 0.980 1.000 0.000 0.000 1000.000 0.000 0.000 0.225 1.000 1.025 1.000 1.000 1.000 1.000 0.750 2.00 1.000 1.000
//7PM
 156 218 255 253 219 190 252 194 149 0 0 19 150 185 255 255 255 255 255 255 255 1.00 1.00 2500.00 100.00 249 250 250 235 235 235 5 19 26 239 0.16 0.30 0.62 2.45 115 108 95 0 0 0 0.80 1.00 0.78 0.80 1.00 1.18 16.00 128.00 1.46 256.00 0.17 77 15.15 4.10 5.25 9.40 12.90 7 0.400 0.645 0.795 0.940 0.780 0.486 1.000 1.000 0.894 0.698 1.000 0.815 0.590 1.000 3.860 0.335 1.000 0.000 0.400 0.320 0.245 0.250 1.150 0.185 0.132 0.680 0.757 8.000 0.667 1.700 1.000 0.113 0.900 0.124 0.890 1.265 0.800 0.800 0.800 0.140 0.890 0.705 0.480 0.600 7.000 0.000 0.685 0.000 24.000 25.000 26.000 0.000 0.000 0.980 1.000 0.000 0.000 1000.000 0.000 0.000 0.225 1.000 1.050 1.100 1.000 1.000 0.925 0.800 2.00 1.000 1.000
//8PM
 156 218 255 251 199 161 255 188 142 0 0 19 140 185 255 255 255 255 255 255 255 1.00 1.00 2500.00 100.00 249 250 250 235 235 235 5 19 26 239 0.18 0.30 0.62 2.45 115 108 95 0 0 0 0.80 1.00 0.79 0.80 1.00 1.18 16.00 128.00 1.46 256.00 0.17 77 15.15 4.30 5.30 9.30 13.05 6 0.400 0.660 0.810 0.935 0.780 0.486 1.000 1.000 0.894 0.698 1.000 0.815 0.590 1.000 3.860 0.325 1.000 0.000 0.400 0.320 0.245 0.270 1.150 0.185 0.132 0.680 0.757 8.000 0.667 1.700 1.000 0.113 0.900 0.124 0.890 1.265 0.800 0.800 0.800 0.140 0.890 0.705 0.480 0.585 7.000 0.000 0.685 0.000 24.000 25.000 26.000 0.000 0.000 0.980 1.000 0.000 0.000 1000.000 0.000 0.000 0.225 1.000 1.050 0.950 1.000 1.000 0.925 0.800 2.00 1.000 1.000
//9PM
 150 189 235 235 165 127 235 177 145 0 0 15 92 114 140 255 255 255 255 255 255 1.00 1.00 2500.00 100.00 141 141 141 255 255 255 18 25 41 100 0.34 0.30 0.56 3.05 115 104 89 0 0 0 0.80 1.00 0.79 0.80 1.00 1.18 16.00 128.00 1.46 256.00 0.10 0 8.75 3.05 3.15 5.25 14.00 5 0.460 0.430 0.495 0.590 0.800 0.906 1.000 1.000 0.894 0.698 0.900 0.635 0.510 1.000 6.000 0.215 1.000 0.000 0.400 0.325 0.325 0.220 1.050 0.000 0.132 0.680 0.757 8.000 0.667 1.700 1.000 0.113 0.900 0.124 0.890 1.265 0.071 0.071 0.071 0.140 0.790 0.525 0.400 0.340 6.000 0.080 0.133 0.024 24.000 25.000 26.000 0.070 0.880 0.980 1.000 0.040 0.000 1000.000 0.000 0.000 0.000 0.800 1.000 0.700 1.000 1.000 1.000 0.825 2.00 1.000 1.000
//10PM
 166 175 180 166 175 180 192 201 206 0 0 0 15 15 15 0 0 0 0 0 0 0.85 0.85 2500.00 70.00 35 35 35 36 36 36 10 10 10 150 2.26 0.30 0.72 4.45 106 112 115 0 0 0 0.80 1.00 0.73 0.80 1.00 1.25 15.00 348.75 19.88 256.00 0.00 0 1.66 2.62 2.43 2.95 3.00 0 0.643 0.120 0.118 0.116 0.500 0.561 0.060 0.000 0.000 0.000 0.360 0.360 0.360 1.000 11.205 0.000 1.000 0.000 0.310 0.310 0.310 0.368 0.099 1.070 0.132 0.680 0.757 8.000 0.667 1.700 1.000 0.188 1.513 0.124 0.890 1.265 0.259 0.259 0.259 0.140 0.240 0.240 0.240 0.164 8.000 0.380 0.174 0.029 24.950 25.000 26.000 0.125 1.055 0.980 1.000 0.000 0.000 1000.000 0.000 0.000 0.100 0.250 2.350 0.800 1.000 1.000 1.000 0.900 2.00 1.000 1.000

////////// SUNNY_WINDY
//Amb0            Amb1            Dir            Sky top        Sky bot        SunCore        SunCorona     SunSz  SprBght FarClp   FogSt   LowCloudsRGB  BottomCloudRGB  WaterRGBA      Exposure BPThreshold MidGreyValue IntensityBloom ColourCorrectRGB ColourAddRGB Desaturation Contrast Gamma DesaturationFar ContrastFar GammaFar DepthFxNear DepthFxFar LumMin LumMax LumDelay CloudAlpha DirLightMult AmbLightMult0 AmbLightMult1 SkyLightMult SunMult Temperature   Far DOF   Near DOF   Near Blur DOF   Mid Blur DOF   Far Blur DOF    Water Reflection    Particle HDR    Sprite Size		Global sun multiplier ambient occlusion scaler
//Midnight
 91 173 187 105 187 207 93 175 195 0 0 135 60 110 125 0 0 0 0 0 0 0.85 0.85 2500.00 50.00 35 35 35 36 36 36 13 17 19 164 2.30 0.30 0.72 2.15 86 110 115 0 0 0 0.80 1.00 0.78 0.80 1.00 1.13 15.96 127.74 19.86 256.00 0.00 0 1.72 3.13 3.23 1.95 2.00 -1 0.800 0.080 0.115 0.130 0.500 0.606 1.000 0.600 0.894 0.698 0.360 0.360 0.360 1.000 6.615 0.020 1.000 0.000 0.430 0.430 0.430 0.595 0.500 0.000 0.132 0.680 0.757 8.000 0.667 1.700 1.000 0.188 0.850 0.124 0.890 1.265 0.700 0.700 0.700 0.000 0.830 0.830 0.830 1.000 6.000 0.240 0.000 0.037 25.000 25.500 26.000 0.135 0.095 0.980 1.000 0.000 0.000 1000.000 0.000 0.000 0.000 0.775 2.450 0.750 1.000 1.000 1.000 0.825 2.00 1.000 1.000
//5AM
 90 171 187 105 187 207 97 179 199 0 0 135 65 115 130 0 0 0 0 0 0 0.90 0.90 2500.00 50.00 35 35 35 36 36 36 14 18 20 164 2.30 0.30 0.72 2.15 86 110 115 0 0 0 0.80 1.00 0.79 0.80 1.00 1.13 15.96 127.74 19.86 256.00 0.00 0 1.82 3.13 3.53 1.95 2.00 -1 0.800 0.080 0.115 0.130 0.500 0.606 1.000 0.600 0.894 0.698 0.360 0.360 0.360 1.000 6.615 0.025 1.000 0.000 0.430 0.430 0.430 0.595 0.500 0.000 0.132 0.680 0.757 8.000 0.667 1.700 1.000 0.188 0.850 0.124 0.890 1.265 0.700 0.700 0.700 0.000 0.640 0.575 0.510 1.000 6.000 0.240 0.000 0.024 25.000 25.500 26.000 0.135 0.095 0.980 1.000 0.000 0.000 1000.000 0.000 0.000 0.000 0.700 2.250 0.800 1.000 1.000 1.000 0.825 2.00 1.000 1.000
//6AM
 142 220 255 251 237 214 253 222 190 0 0 97 135 185 220 255 255 255 255 255 255 1.00 1.00 2500.00 70.00 249 250 250 235 235 235 14 25 31 239 0.20 0.30 0.50 1.45 106 115 97 0 0 0 0.80 1.00 0.80 0.80 1.00 1.03 16.00 128.00 1.46 256.00 0.17 77 13.40 4.00 7.45 7.10 11.50 1 0.400 0.735 0.880 0.940 0.700 0.486 1.000 1.000 0.894 0.698 0.975 0.805 0.565 1.000 3.860 0.190 1.000 0.000 0.450 0.390 0.300 0.235 1.020 0.175 0.132 0.680 0.757 8.000 0.667 1.700 1.000 0.098 0.850 0.124 0.890 1.265 0.795 0.795 0.795 0.140 0.870 0.700 0.460 0.585 8.000 0.000 0.685 0.000 24.000 25.000 26.000 0.000 0.000 0.980 1.000 0.000 0.000 1000.000 0.000 0.000 0.225 1.000 1.050 1.050 1.000 1.000 1.000 0.750 2.00 1.000 1.000
//7AM
 255 243 218 251 239 221 235 214 189 0 0 97 250 225 200 255 255 255 255 255 255 1.00 1.00 2500.00 70.00 249 250 250 235 235 235 17 27 31 239 0.18 0.30 0.58 2.90 115 110 97 0 0 0 0.80 1.00 0.80 0.80 1.00 1.03 16.00 128.00 1.46 256.00 0.17 77 16.45 3.60 4.80 7.80 11.75 2 0.400 0.695 0.850 0.935 0.580 0.486 1.000 1.000 0.894 0.698 1.000 0.830 0.590 1.000 2.860 0.195 1.000 0.000 0.450 0.390 0.300 0.235 1.080 0.175 0.132 0.680 0.757 8.000 0.667 1.700 1.000 0.098 0.850 0.124 0.890 1.265 0.800 0.800 0.800 0.140 0.920 0.750 0.510 0.585 8.000 0.000 0.685 0.000 24.000 25.000 26.000 0.000 0.000 0.980 1.000 0.000 0.000 1000.000 0.000 0.000 0.225 1.000 1.050 0.850 1.000 1.000 1.000 0.775 2.00 1.000 1.000
//9AM
 136 189 244 240 229 210 240 224 201 0 0 62 145 190 255 255 255 255 255 255 255 1.00 1.00 2500.00 70.00 249 250 250 235 235 235 16 26 30 239 0.18 0.30 0.61 2.25 107 115 101 0 0 0 0.80 1.00 0.82 0.80 1.00 1.00 16.00 128.00 1.46 256.00 0.08 77 12.90 3.90 4.50 8.30 10.00 3 0.460 0.665 0.810 0.940 0.560 0.606 1.000 1.000 0.894 0.698 0.361 0.361 0.361 1.000 3.115 0.230 1.000 0.000 0.500 0.500 0.500 0.275 1.250 0.000 0.132 0.680 0.757 8.000 0.667 1.700 1.000 0.098 0.850 0.124 0.890 1.265 0.800 0.800 0.800 0.140 0.900 0.895 0.885 0.765 8.000 0.000 0.685 0.000 24.000 25.000 26.000 0.000 0.000 0.980 1.000 0.000 0.000 1000.000 0.000 0.000 0.225 1.000 1.050 1.200 1.000 1.000 1.000 0.700 2.00 1.000 1.000
//Midday
 147 192 247 240 229 218 240 224 208 0 0 62 150 200 255 255 255 255 255 255 255 1.00 1.00 2500.00 70.00 249 250 250 235 235 235 16 26 30 239 0.20 0.30 0.61 2.25 107 115 101 0 0 0 0.80 1.00 0.86 0.80 1.00 1.03 16.00 128.00 1.46 256.00 0.18 77 13.20 4.00 4.50 8.70 11.75 4 0.382 0.640 0.790 0.950 0.580 0.606 1.000 1.000 0.894 0.698 0.361 0.361 0.361 1.000 3.115 0.265 1.000 0.000 0.500 0.500 0.500 0.275 1.250 0.000 0.132 0.680 0.757 8.000 0.667 1.700 1.000 0.098 0.850 0.124 0.890 1.265 0.800 0.800 0.800 0.140 0.940 0.935 0.930 0.785 8.000 0.000 0.685 0.000 24.000 25.000 26.000 0.000 0.000 0.980 1.000 0.000 0.000 1000.000 0.000 0.000 0.000 1.000 1.050 0.750 1.000 1.000 1.000 0.750 2.00 1.000 1.000
//6PM
 135 185 247 240 229 210 235 219 196 0 0 62 140 195 255 255 255 255 255 255 255 1.00 1.00 2500.00 70.00 249 250 250 235 235 235 16 26 30 239 0.19 0.30 0.61 2.50 107 115 101 0 0 0 0.80 1.00 0.84 0.80 1.00 1.00 16.00 128.00 1.46 256.00 0.18 77 12.90 3.90 4.50 8.70 11.00 2 0.382 0.650 0.800 0.935 0.580 0.606 1.000 1.000 0.894 0.698 0.361 0.361 0.361 1.000 3.115 0.260 1.000 0.000 0.500 0.500 0.500 0.275 1.250 0.000 0.132 0.680 0.757 8.000 0.667 1.700 1.000 0.098 0.850 0.124 0.890 1.265 0.800 0.800 0.800 0.140 0.940 0.930 0.915 0.785 8.000 0.000 0.685 0.000 24.000 25.000 26.000 0.000 0.000 0.980 1.000 0.000 0.000 1000.000 0.000 0.000 0.000 0.875 1.050 0.800 1.000 1.000 1.000 0.750 2.00 1.000 1.000
//7PM
 132 208 246 255 239 221 255 228 199 0 0 47 140 190 255 255 255 255 255 255 255 1.00 1.00 2500.00 70.00 249 250 250 235 235 235 15 25 29 239 0.16 0.30 0.59 2.40 115 110 97 0 0 0 0.80 1.00 0.81 0.80 1.00 1.08 16.00 128.00 1.46 256.00 0.08 77 14.80 4.05 4.95 9.20 11.15 0 0.425 0.665 0.815 0.925 0.760 0.606 1.000 1.000 0.894 0.698 0.900 0.725 0.510 1.000 3.615 0.215 1.000 0.000 0.430 0.360 0.295 0.250 1.100 0.000 0.132 0.680 0.757 8.000 0.667 1.700 1.000 0.098 0.850 0.124 0.890 1.265 0.400 0.400 0.400 0.140 0.880 0.705 0.510 0.570 6.000 0.000 0.685 0.000 24.000 25.000 26.000 0.000 0.000 0.980 1.000 0.000 0.000 1000.000 0.000 0.000 0.000 0.625 1.000 0.600 1.000 1.000 1.000 0.725 2.00 1.000 1.000
//8PM
 141 219 255 255 233 208 251 225 197 0 0 47 135 180 255 255 255 255 255 255 255 1.00 1.00 2500.00 70.00 141 141 141 255 255 255 11 22 28 238 0.18 0.30 0.59 2.40 115 110 97 0 0 0 0.80 1.00 0.82 0.80 1.00 1.08 16.00 128.00 1.46 256.00 0.08 0 14.80 4.15 0 9.20 11.30 0 0.425 0.680 0.830 0.920 0.765 0.606 1.000 1.000 0.894 0.698 0.900 0.725 0.510 1.000 4.000 0.215 1.000 0.000 0.430 0.360 0.295 0.250 1.099 0.000 0.132 0.680 0.757 8.000 0.667 1.700 1.000 0.098 0.850 0.124 0.890 1.265 0.400 0.400 0.400 0.140 0.880 0.705 0.510 0.580 1.700 0.020 0.133 0.000 24.000 25.000 26.000 0.000 0.000 0.980 1.000 0.040 0.000 1000.000 0.000 0.000 0.175 0.700 1.425 0.500 1.000 1.000 1.000 0.800 2.00 1.000 1.000
//9PM
 148 197 235 235 191 160 231 200 177 0 0 54 90 117 140 255 255 255 255 255 255 1.00 1.00 2500.00 70.00 141 141 141 255 255 255 15 21 28 238 0.33 0.30 0.56 3.65 115 106 91 0 0 0 0.80 1.00 0.82 0.80 1.00 1.08 16.00 128.00 1.46 256.00 0.10 0 8.25 2.95 3.15 5.25 13.00 0 0.460 0.440 0.510 0.590 0.800 0.706 1.000 1.000 0.894 0.698 0.500 0.340 0.220 1.000 6.000 0.215 1.000 0.000 0.430 0.365 0.365 0.230 0.999 0.000 0.132 0.680 0.757 8.000 0.667 1.700 1.000 0.098 0.850 0.124 0.890 1.265 0.360 0.360 0.360 0.140 0.780 0.520 0.400 0.325 1.700 0.040 0.133 0.024 24.000 25.000 26.000 0.070 0.095 0.980 1.000 0.040 0.000 1000.000 0.000 0.000 0.125 0.750 1.700 0.500 1.000 1.000 1.000 0.800 2.00 1.000 1.000
//10PM
 95 176 192 105 187 207 98 180 200 0 0 135 65 115 130 0 0 0 0 0 0 0.85 0.85 2500.00 50.00 35 35 35 36 36 36 13 17 19 164 2.30 0.30 0.72 3.30 86 110 115 0 0 0 0.80 1.00 0.78 0.80 1.00 1.13 15.96 127.74 19.86 256.00 0.00 0 1.50 3.23 3.23 1.95 2.00 0 0.900 0.080 0.115 0.130 0.500 0.606 1.000 0.600 0.894 0.698 0.360 0.360 0.360 1.000 6.615 0.020 1.000 0.000 0.430 0.430 0.430 0.595 0.500 0.000 0.132 0.680 0.757 8.000 0.667 1.700 1.000 0.188 0.850 0.124 0.890 1.265 0.700 0.700 0.700 0.000 0.830 0.830 0.830 1.000 6.000 0.240 0.000 0.029 25.000 25.500 26.000 0.135 0.095 0.980 1.000 0.000 0.000 1000.000 0.000 0.000 0.000 0.575 2.350 0.650 1.000 1.000 1.000 0.925 2.00 1.000 1.000

////////// CLOUDY
//Amb0            Amb1            Dir            Sky top        Sky bot        SunCore        SunCorona     SunSz  SprBght FarClp   FogSt   LowCloudsRGB  BottomCloudRGB  WaterRGBA      Exposure BPThreshold MidGreyValue IntensityBloom ColourCorrectRGB ColourAddRGB Desaturation Contrast Gamma DesaturationFar ContrastFar GammaFar DepthFxNear DepthFxFar LumMin LumMax LumDelay CloudAlpha DirLightMult AmbLightMult0 AmbLightMult1 SkyLightMult SunMult Temperature   Far DOF   Near DOF   Near Blur DOF   Mid Blur DOF   Far Blur DOF    Water Reflection    Particle HDR    Sprite Size		Global sun multiplier ambient occlusion scaler
//Midnight
 133 189 207 125 181 205 135 191 215 0 0 80 78 116 130 0 0 0 0 0 0 0.85 0.85 2500.00 60.00 35 35 35 36 36 36 7 9 10 164 2.26 0.30 0.63 3.00 89 104 115 0 0 0 0.80 1.00 0.75 0.80 1.00 1.21 16.00 128.00 19.88 256.00 0.00 0 2.13 2.57 2.83 2.15 2.50 0 0.425 0.075 0.105 0.120 0.500 0.606 1.000 0.015 0.894 0.000 0.360 0.360 0.360 1.000 5.795 0.055 1.000 0.000 0.480 0.480 0.480 0.368 0.650 0.000 0.132 0.680 0.757 8.000 0.677 0.790 1.000 0.188 1.000 0.124 0.890 1.265 0.700 0.700 0.700 0.000 0.520 0.520 0.520 0.554 6.000 0.360 0.000 0.029 25.000 25.500 26.000 0.115 0.095 0.980 1.000 0.000 0.000 1000.000 0.000 0.000 0.000 0.450 2.400 0.850 1.000 1.000 1.000 0.950 1.00 1.000 1.000
//5AM
 123 178 198 115 171 195 135 191 215 0 0 75 78 115 130 0 0 0 0 0 0 0.90 0.90 2500.00 60.00 35 35 35 36 36 36 7 9 10 164 2.26 0.30 0.63 3.00 89 104 115 0 0 0 0.80 1.00 0.75 0.80 1.00 1.21 16.00 128.00 19.88 256.00 0.00 0 2.21 3.38 3.61 2.15 2.50 1 0.425 0.075 0.105 0.120 0.500 0.606 1.000 0.015 0.894 0.000 0.360 0.360 0.360 1.000 5.795 0.060 1.000 0.000 0.480 0.480 0.480 0.368 0.650 0.000 0.132 0.680 0.757 8.000 0.677 0.790 1.000 0.188 1.000 0.124 0.890 1.265 0.700 0.700 0.700 0.000 0.630 0.565 0.500 0.554 6.000 0.360 0.000 0.024 25.000 25.500 26.000 0.115 0.880 0.980 1.000 0.000 0.110 1000.000 0.000 0.000 0.000 0.450 2.200 0.800 1.000 1.000 1.000 0.950 1.00 1.000 1.000
//6AM
 147 206 255 161 203 237 253 229 208 0 0 61 148 183 230 255 255 255 255 255 255 1.00 1.00 2500.00 100.00 249 250 250 235 235 235 4 13 18 239 0.17 0.30 0.58 1.65 94 109 115 0 0 0 0.80 1.00 0.81 0.80 1.00 1.11 16.00 128.00 1.46 256.00 0.18 77 13.15 3.70 6.55 7.20 9.50 2 0.425 0.750 0.895 0.935 0.700 0.606 1.000 1.000 0.894 0.698 0.975 0.805 0.565 1.000 4.675 0.215 1.000 0.000 0.500 0.440 0.350 0.225 1.050 0.000 0.132 0.680 0.488 8.000 0.667 0.688 1.000 0.026 0.400 0.696 0.973 1.265 0.795 0.795 0.795 0.102 0.850 0.700 0.480 0.600 6.000 0.000 0.685 0.000 24.000 25.000 26.000 0.000 0.000 0.980 1.000 0.000 0.000 157.250 0.000 0.000 0.075 0.800 1.825 0.900 1.000 1.000 1.000 0.675 2.00 1.000 1.000
//7AM
 255 243 213 166 203 237 235 220 206 0 0 61 160 190 250 255 255 255 255 255 255 1.00 1.00 2500.00 100.00 249 250 250 235 235 235 5 20 26 239 0.18 0.30 0.58 2.90 111 115 97 0 0 0 0.80 1.00 0.82 0.80 1.00 1.11 16.00 128.00 1.44 256.00 0.18 77 16.20 3.45 4.25 7.90 9.75 3 0.425 0.710 0.865 0.935 0.580 0.118 1.000 1.000 0.894 0.698 1.000 0.830 0.590 1.000 3.090 0.220 1.000 0.000 0.500 0.440 0.350 0.250 1.080 0.000 0.132 0.680 0.488 8.000 0.667 0.688 1.000 0.026 0.400 0.846 0.973 1.265 0.800 0.800 0.800 0.102 0.910 0.760 0.540 0.600 6.000 0.000 0.685 0.000 24.000 25.000 26.000 0.000 0.000 0.980 1.000 0.000 0.000 555.000 0.000 0.000 0.000 0.875 1.000 0.950 1.000 1.000 1.000 0.525 2.00 1.000 1.000
//9AM
 162 241 235 208 222 236 210 224 238 0 0 33 155 200 255 255 255 255 255 255 255 1.00 1.00 2500.00 100.00 249 250 250 235 235 235 5 20 27 239 0.18 0.30 0.61 2.60 99 113 115 0 0 0 0.80 1.00 0.84 0.80 1.00 1.08 15.94 127.65 1.47 255.50 0.10 77 12.65 3.70 4.35 8.50 8.75 4 0.458 0.680 0.825 0.940 0.580 0.669 1.000 1.000 0.894 0.698 0.361 0.361 0.361 1.000 3.075 0.340 1.000 0.000 0.560 0.560 0.560 0.320 1.300 0.000 0.132 0.680 1.000 8.000 0.667 0.510 1.000 0.026 0.400 0.846 0.860 1.265 0.800 0.800 0.800 0.140 0.910 0.905 0.900 0.775 8.000 0.000 0.685 0.000 24.000 25.000 26.000 0.000 0.000 0.980 1.000 0.000 0.000 1000.000 0.000 0.000 0.300 1.000 1.100 0.500 1.000 1.000 1.000 0.725 2.00 1.000 1.000
//Midday
 159 241 233 206 226 240 205 225 239 0 0 33 160 205 255 255 255 255 255 255 255 1.00 1.00 2500.00 100.00 249 250 250 235 235 235 6 23 30 239 0.20 0.30 0.61 2.70 99 113 115 0 0 0 0.80 1.00 0.88 0.80 1.00 1.11 15.94 127.65 1.47 255.50 0.10 77 12.95 3.80 4.30 8.70 10.50 6 0.458 0.655 0.805 0.950 0.580 0.669 1.000 1.000 0.894 0.698 0.361 0.361 0.361 1.000 3.060 0.345 1.000 0.000 0.560 0.560 0.560 0.320 1.300 0.000 0.132 0.680 0.488 8.000 0.667 0.510 1.000 0.026 0.400 0.846 0.860 1.265 0.800 0.800 0.800 0.140 0.940 0.940 0.940 0.800 8.000 0.000 0.685 0.000 24.000 25.000 26.000 0.000 0.000 0.980 1.000 0.000 0.000 1000.000 0.000 0.000 0.300 1.000 1.100 0.600 1.000 1.000 1.000 0.725 2.00 1.000 1.000
//6PM
 156 241 232 212 226 240 207 221 235 0 0 33 155 200 255 255 255 255 255 255 255 1.00 1.00 2500.00 100.00 249 250 250 235 235 235 5 20 27 239 0.19 0.30 0.61 2.80 99 113 115 0 0 0 0.80 1.00 0.87 0.80 1.00 1.08 15.94 127.65 1.47 255.50 0.10 77 12.65 3.70 4.15 8.70 9.75 3 0.458 0.665 0.815 0.930 0.580 0.669 1.000 1.000 0.894 0.698 0.361 0.361 0.361 1.000 3.090 0.335 1.000 0.000 0.560 0.560 0.560 0.320 1.300 0.000 0.132 0.680 0.488 8.000 0.667 0.510 1.000 0.026 0.400 0.846 0.840 1.265 0.800 0.800 0.800 0.140 0.930 0.925 0.920 0.750 8.000 0.000 0.685 0.000 24.000 25.000 26.000 0.000 0.000 0.980 1.000 0.000 0.000 1000.000 0.000 0.000 0.300 1.000 1.100 0.650 1.000 1.000 1.000 0.725 2.00 1.000 1.000
//7PM
 146 211 241 171 205 240 252 229 212 0 0 22 150 185 255 255 255 255 255 255 255 1.00 1.00 2500.00 100.00 249 250 250 235 235 235 5 20 26 239 0.16 0.30 0.58 2.75 111 115 97 0 0 0 0.80 1.00 0.83 0.80 1.00 1.16 16.00 128.00 1.46 256.00 0.18 77 14.55 3.85 4.75 9.20 9.90 1 0.425 0.680 0.830 0.925 0.765 0.606 1.000 1.000 0.894 0.698 0.900 0.730 0.520 1.000 4.675 0.085 1.000 0.000 0.500 0.430 0.365 0.270 1.010 0.000 0.132 0.680 0.488 8.000 0.667 0.688 1.000 0.026 0.400 0.696 0.890 1.265 0.500 0.500 0.500 0.102 0.860 0.710 0.520 0.500 6.000 0.000 0.685 0.000 24.000 25.000 26.000 0.000 0.000 0.980 1.000 0.000 0.000 555.000 0.000 0.000 0.000 0.675 1.000 1.000 1.000 1.000 1.000 0.700 2.00 1.000 1.000
//8PM
 161 211 255 172 207 240 255 224 204 0 0 22 140 185 230 255 255 255 255 255 255 1.00 1.00 2500.00 100.00 249 250 250 235 235 235 5 20 25 239 0.18 0.30 0.50 2.65 111 115 97 0 0 0 0.80 1.00 0.84 0.80 1.00 1.16 128.00 255.00 1.46 256.00 0.18 77 14.55 4.10 5.00 9.20 10.05 0 0.425 0.695 0.845 0.920 0.765 0.606 1.000 1.000 0.894 0.698 0.900 0.730 0.520 1.000 4.440 0.185 1.000 0.000 0.500 0.430 0.365 0.270 1.010 0.000 0.132 0.680 0.488 8.000 0.667 0.688 1.000 0.026 0.400 0.696 0.890 1.265 0.500 0.500 0.500 0.102 0.860 0.710 0.520 0.500 6.000 0.000 0.685 0.000 24.000 25.000 26.000 0.000 0.000 0.980 1.000 0.000 0.000 555.000 0.000 0.000 0.000 0.450 1.850 0.950 1.000 1.000 0.925 1.000 2.00 1.000 1.000
//9PM
 157 194 235 235 185 154 235 198 177 0 0 25 86 112 140 255 255 255 255 255 255 1.00 1.00 2500.00 100.00 249 250 250 235 235 235 9 16 24 239 0.32 0.30 0.53 3.65 94 108 115 0 0 0 0.80 1.00 0.84 0.80 1.00 1.16 128.00 255.00 1.46 256.00 0.18 77 8.00 2.75 3.00 5.25 12.00 0 0.425 0.445 0.525 0.590 0.785 0.706 1.000 1.000 0.894 0.698 0.600 0.335 0.210 1.000 5.940 0.185 1.000 0.000 0.440 0.375 0.375 0.230 1.110 0.000 0.132 0.680 0.488 8.000 0.667 0.688 1.000 0.026 0.400 0.696 0.890 1.265 0.500 0.500 0.500 0.102 0.770 0.505 0.380 0.350 6.000 0.060 0.685 0.024 24.000 25.000 26.000 0.070 0.882 0.980 1.000 0.000 0.000 555.000 0.000 0.000 0.000 0.450 2.050 0.950 1.000 1.000 0.925 1.000 2.00 1.000 1.000
//10PM
 132 187 207 125 181 205 129 187 215 0 0 80 78 115 130 0 0 0 0 0 0 0.85 0.85 2500.00 60.00 35 35 35 36 36 36 7 9 10 164 2.26 0.30 0.63 0.65 89 104 115 0 0 0 0.80 1.00 0.76 0.80 1.00 1.21 16.00 128.00 19.88 256.00 0.00 0 2.13 2.57 2.83 2.15 2.50 0 0.225 0.075 0.105 0.120 0.500 0.606 1.000 0.015 0.894 0.000 0.360 0.360 0.360 1.000 5.795 0.055 1.000 0.000 0.480 0.480 0.480 0.368 0.650 0.000 0.132 0.680 0.757 8.000 0.667 0.790 1.000 0.188 1.000 0.124 0.890 1.265 0.700 0.700 0.700 0.000 0.520 0.520 0.520 0.554 6.000 0.360 0.000 0.029 25.000 25.500 26.000 0.115 1.055 0.980 1.000 0.000 0.000 1000.000 0.000 0.000 0.000 0.450 2.300 0.850 1.000 1.000 1.000 0.950 2.00 1.000 1.000

////////// RAIN
//Amb0            Amb1            Dir            Sky top        Sky bot        SunCore        SunCorona     SunSz  SprBght FarClp   FogSt   LowCloudsRGB  BottomCloudRGB  WaterRGBA      Exposure BPThreshold MidGreyValue IntensityBloom ColourCorrectRGB ColourAddRGB Desaturation Contrast Gamma DesaturationFar ContrastFar GammaFar DepthFxNear DepthFxFar LumMin LumMax LumDelay CloudAlpha DirLightMult AmbLightMult0 AmbLightMult1 SkyLightMult SunMult Temperature   Far DOF   Near DOF   Near Blur DOF   Mid Blur DOF   Far Blur DOF    Water Reflection    Particle HDR    Sprite Size		Global sun multiplier ambient occlusion scaler
//Midnight
 133 150 160 145 158 165 130 143 150 0 0 105 68 80 90 255 255 255 255 255 255 1.00 1.00 2500.00 75.00 119 120 120 105 105 105 20 20 20 125 0.20 0.30 0.70 0.35 97 115 107 0 0 0 0.80 1.00 0.82 0.80 1.00 1.17 16.00 128.00 1.46 256.00 0.11 77 1.25 2.45 2.30 2.35 13.00 -10 0.450 0.070 0.075 0.080 0.400 0.486 0.350 1.000 0.894 0.698 0.360 0.360 0.360 1.000 1.300 0.090 1.000 0.000 0.400 0.400 0.400 0.252 0.850 0.000 0.132 0.680 0.757 8.000 0.837 1.700 1.000 0.354 0.400 1.112 0.842 1.265 0.500 0.500 0.500 0.925 0.890 0.870 0.860 0.620 5.000 0.000 0.685 0.029 24.000 25.000 26.000 0.115 0.095 0.980 1.000 0.000 0.419 130.750 0.000 0.000 0.000 0.300 2.350 0.800 1.000 1.000 1.000 0.750 2.00 1.000 1.000
//5AM
 131 150 160 143 158 165 128 143 150 0 0 105 68 80 90 255 255 255 255 255 255 1.00 1.00 2500.00 75.00 119 120 120 105 105 105 20 20 20 125 0.22 0.30 0.61 2.70 97 115 107 0 0 0 0.80 1.00 0.81 0.80 1.00 1.17 16.00 128.00 1.46 256.00 0.11 77 1.25 3.80 3.65 2.45 13.00 -7 1.393 0.070 0.075 0.080 0.400 0.486 0.350 1.000 0.894 0.698 0.360 0.360 0.360 1.000 1.300 0.090 1.000 0.000 0.400 0.400 0.400 0.252 0.850 0.000 0.132 0.680 0.757 8.000 0.837 1.700 1.000 0.354 0.400 1.112 0.842 1.265 0.500 0.500 0.500 0.925 0.650 0.620 0.580 0.620 5.000 0.000 0.685 0.024 24.000 25.000 26.000 0.115 0.880 0.980 1.000 0.000 0.419 130.750 0.000 0.000 0.000 0.300 2.150 0.900 1.000 1.000 1.000 0.750 2.00 1.000 1.000
//6AM
 156 192 255 252 247 238 227 218 204 0 0 86 135 155 170 255 255 255 255 255 255 1.00 1.00 2500.00 45.00 119 120 120 105 105 105 13 18 23 126 0.18 0.30 0.61 3.45 97 115 109 0 0 0 0.80 1.00 0.92 0.80 1.00 1.07 16.00 128.00 1.46 256.00 0.11 77 12.75 4.95 5.65 6.00 13.00 -6 0.480 0.770 0.800 0.840 0.785 0.493 0.495 0.722 0.784 0.698 0.360 0.360 0.360 1.000 1.385 0.180 1.000 0.000 0.255 0.255 0.255 0.106 1.239 0.000 0.132 0.680 0.753 8.000 0.834 1.678 1.000 0.349 0.400 1.108 0.843 1.265 0.013 0.013 0.013 0.910 0.785 0.725 0.695 0.100 5.050 0.000 0.685 0.000 24.000 25.000 26.000 0.000 0.000 0.980 1.000 0.000 0.412 145.238 0.000 0.000 0.197 1.000 2.025 0.900 1.000 1.000 1.000 0.750 2.00 1.000 1.000
//7AM
 188 200 212 218 223 230 218 230 223 0 0 86 98 115 130 255 255 255 255 255 255 1.00 1.00 2500.00 45.00 119 120 120 105 105 105 15 20 25 239 0.15 0.30 0.50 5.05 98 115 111 0 0 0 0.80 1.00 0.91 0.80 1.00 1.07 16.00 128.00 1.46 256.00 0.08 77 13.40 7.10 9.25 9.75 13.00 -5 0.600 0.740 0.790 0.840 0.785 0.906 1.000 0.722 0.784 0.698 0.360 0.360 0.360 1.000 6.615 0.215 1.000 0.000 0.480 0.480 0.480 0.368 0.998 0.000 0.132 0.680 0.488 8.000 0.667 0.365 1.000 0.208 0.400 0.846 0.890 1.265 0.800 0.800 0.800 0.000 0.570 0.570 0.570 0.000 8.000 0.000 0.685 0.000 24.000 25.000 26.000 0.000 0.000 0.980 1.000 0.000 0.000 1000.000 0.000 0.000 0.000 1.000 1.950 1.300 1.000 1.000 1.000 0.725 2.00 1.000 1.000
//9AM
 183 204 222 209 223 235 209 235 223 0 0 51 178 194 210 255 255 255 255 255 255 1.00 1.00 2500.00 45.00 119 120 120 105 105 105 2 3 4 240 0.18 0.30 0.50 3.30 98 115 112 0 0 0 0.80 1.00 0.91 0.80 3.25 1.04 15.93 127.60 1.48 255.36 0.08 217 11.65 4.60 4.50 9.25 13.00 -4 0.663 0.855 0.865 0.880 0.785 0.827 0.870 0.722 0.784 0.851 0.920 0.920 0.920 1.000 10.990 0.155 1.000 0.000 0.360 0.360 0.360 0.102 1.243 0.000 0.132 0.680 0.757 8.000 0.667 1.700 1.000 0.354 0.400 0.124 0.525 1.265 0.769 0.769 0.769 0.192 0.630 0.625 0.620 0.000 5.000 0.000 0.685 0.000 24.000 25.000 26.000 0.000 0.000 0.980 1.000 0.000 0.000 1000.000 0.000 0.000 0.275 1.000 1.425 1.000 1.000 1.000 1.000 0.750 2.00 1.000 1.000
//Midday
 183 204 222 209 223 235 209 235 223 0 0 51 178 194 210 255 255 255 255 255 255 1.00 1.00 2500.00 45.00 119 120 120 105 105 105 2 3 4 240 0.18 0.30 0.50 4.65 98 115 112 0 0 0 0.80 1.00 0.89 0.80 1.00 1.07 15.93 127.60 1.48 255.36 0.08 217 12.40 4.60 4.50 8.90 0.00 -3 0.663 0.885 0.895 0.910 0.785 0.827 0.870 0.722 0.784 0.851 0.920 0.920 0.920 1.000 10.990 0.160 1.000 0.000 0.360 0.360 0.360 0.102 1.243 0.000 0.132 0.680 0.757 8.000 0.667 1.700 1.000 0.354 0.400 0.124 0.525 1.265 0.769 0.769 0.769 0.192 0.630 0.625 0.620 0.000 5.000 0.000 0.685 0.000 24.000 25.000 26.000 0.000 0.000 0.980 1.000 0.000 0.000 1000.000 0.000 0.000 0.275 1.000 2.150 0.800 1.000 1.000 1.000 0.750 2.00 1.000 1.000
//6PM
 183 204 222 209 223 235 209 235 223 0 0 51 178 194 210 255 255 255 255 255 255 1.00 1.00 2500.00 45.00 119 120 120 105 105 105 2 3 4 240 0.19 0.30 0.50 3.30 98 115 112 0 0 0 0.80 1.00 0.87 0.80 1.00 1.04 15.93 127.60 1.48 255.36 0.08 217 12.40 4.60 4.50 9.25 13.00 -4 0.663 0.875 0.885 0.900 0.785 0.827 0.870 0.722 0.784 0.851 0.920 0.920 0.920 1.000 10.990 0.155 1.000 0.000 0.360 0.360 0.360 0.102 1.243 0.000 0.132 0.680 0.757 8.000 0.667 1.700 1.000 0.354 0.400 0.124 0.525 1.265 0.769 0.769 0.769 0.192 0.630 0.625 0.620 0.000 5.000 0.000 0.685 0.000 24.000 25.000 26.000 0.000 0.000 0.980 1.000 0.000 0.000 1000.000 0.000 0.000 0.275 1.000 2.100 0.900 1.000 1.000 1.000 0.750 2.00 1.000 1.000
//7PM
 186 200 212 216 219 225 216 225 219 0 0 37 173 188 205 255 255 255 255 255 255 1.00 1.00 2500.00 45.00 119 120 120 105 105 105 17 21 23 125 0.15 0.30 0.61 3.90 98 115 111 0 0 0 0.80 1.00 0.88 0.80 1.00 1.12 16.00 128.00 1.46 256.00 0.11 77 12.25 5.10 4.75 8.00 13.00 -5 0.913 0.760 0.790 0.830 0.870 0.486 0.485 0.722 0.894 0.698 0.360 0.360 0.360 1.000 1.300 0.205 1.000 0.000 0.250 0.250 0.250 0.102 1.243 0.000 0.132 0.680 0.757 8.000 0.837 1.700 1.000 0.354 0.400 1.112 0.842 1.265 0.000 0.000 0.000 0.925 0.690 0.625 0.600 0.164 5.000 0.000 0.685 0.000 24.000 25.000 26.000 0.000 0.000 0.980 1.000 0.000 0.419 130.750 0.000 0.000 0.200 1.000 1.775 0.850 1.000 1.000 1.000 0.750 2.00 1.000 1.000
//8PM
 173 184 193 205 207 211 201 207 203 0 0 37 43 51 60 255 255 255 255 255 255 1.00 1.00 2500.00 45.00 119 120 120 105 105 105 30 33 36 239 0.18 0.30 0.50 3.40 98 115 111 0 0 0 0.80 1.00 0.86 0.80 1.00 1.12 16.00 128.00 1.46 256.00 0.08 77 9.70 4.15 4.10 9.25 13.00 -4 0.505 0.585 0.610 0.650 0.785 0.906 1.000 0.722 0.894 0.698 0.360 0.360 0.360 1.000 6.615 0.265 1.000 0.000 0.480 0.480 0.480 0.368 0.998 0.000 0.132 0.680 0.757 8.000 0.667 1.700 1.000 0.088 0.400 0.124 0.890 1.265 0.800 0.800 0.800 0.140 0.730 0.700 0.680 0.164 8.000 0.000 0.685 0.000 24.000 25.000 26.000 0.000 0.000 0.980 1.000 0.000 0.000 1000.000 0.000 0.000 0.450 1.000 1.575 1.500 1.000 1.000 1.000 0.701 2.00 1.000 1.000
//9PM
 152 163 170 180 190 197 178 192 195 0 0 43 63 72 80 255 255 255 255 255 255 1.00 1.00 2500.00 75.00 119 120 120 105 105 105 25 25 25 240 0.21 0.30 0.50 3.05 99 115 110 0 0 0 0.80 1.00 0.84 0.80 1.00 1.12 15.93 127.58 1.48 255.32 0.08 217 8.00 3.55 3.45 3.75 13.00 -6 1.500 0.213 0.214 0.215 0.685 0.827 0.870 0.722 0.784 0.851 0.920 0.920 0.920 1.000 2.600 0.175 1.000 0.000 0.380 0.380 0.380 0.202 0.950 0.000 0.132 0.680 0.757 8.000 0.667 1.700 1.000 0.354 0.400 0.124 0.525 1.265 0.769 0.769 0.769 0.192 0.620 0.550 0.510 0.000 5.000 0.000 0.685 0.024 24.000 25.000 26.000 0.070 0.880 0.980 1.000 0.000 0.000 1000.000 0.000 0.000 0.275 1.000 2.125 0.750 2.000 0.999 1.000 1.000 2.00 1.000 1.000
//10PM
 136 155 167 141 156 165 121 136 145 0 0 105 78 90 100 255 255 255 255 255 255 0.80 0.80 2500.00 75.00 119 120 120 105 105 105 15 15 15 240 0.20 0.30 0.50 3.05 97 115 107 0 0 0 0.80 1.00 0.81 0.80 1.00 1.17 15.93 127.58 1.48 255.32 0.08 217 1.25 3.65 3.65 2.45 13.00 -8 1.500 0.070 0.075 0.080 0.400 0.527 0.350 0.722 0.784 0.851 0.345 0.345 0.345 1.000 1.300 0.090 1.000 0.000 0.410 0.410 0.410 0.252 0.850 0.000 0.132 0.680 0.757 8.000 0.667 1.700 1.000 0.354 0.400 0.124 0.425 1.265 0.769 0.769 0.769 0.192 0.620 0.600 0.610 0.620 5.000 0.000 0.685 0.029 24.000 25.000 26.000 0.115 1.055 0.980 1.000 0.000 0.000 1000.000 0.000 0.000 0.275 1.000 2.250 0.800 2.000 0.999 1.000 1.000 2.00 1.000 1.000

////////// DRIZZLE
//Amb0            Amb1            Dir            Sky top        Sky bot        SunCore        SunCorona     SunSz  SprBght FarClp   FogSt   LowCloudsRGB  BottomCloudRGB  WaterRGBA      Exposure BPThreshold MidGreyValue IntensityBloom ColourCorrectRGB ColourAddRGB Desaturation Contrast Gamma DesaturationFar ContrastFar GammaFar DepthFxNear DepthFxFar LumMin LumMax LumDelay CloudAlpha DirLightMult AmbLightMult0 AmbLightMult1 SkyLightMult SunMult Temperature   Far DOF   Near DOF   Near Blur DOF   Mid Blur DOF   Far Blur DOF    Water Reflection    Particle HDR    Sprite Size		Global sun multiplier ambient occlusion scaler
//Midnight
 105 135 155 120 145 160 105 130 145 0 0 85 54 69 85 255 255 255 255 255 255 1.00 1.00 2500.00 80.00 119 120 120 105 105 105 14 17 20 200 0.22 0.30 0.56 0.35 93 108 115 0 0 0 0.80 1.00 0.81 0.80 1.00 1.19 15.93 127.58 1.48 255.32 0.08 217 1.40 2.55 2.35 2.45 13.00 -8 0.690 0.080 0.095 0.110 0.455 0.527 1.000 0.722 0.784 0.851 0.345 0.345 0.345 1.000 1.800 0.075 1.000 0.000 0.430 0.430 0.430 0.252 0.850 0.000 0.132 0.680 0.757 8.000 0.667 1.700 1.000 0.354 0.400 0.124 0.425 1.265 0.650 0.650 0.650 0.192 0.620 0.620 0.620 0.590 5.000 0.000 0.685 0.029 24.000 25.000 26.000 0.115 0.095 0.980 1.000 0.000 0.000 1000.000 0.000 0.000 0.275 1.000 2.300 0.850 1.000 0.999 0.550 1.000 1.10 1.000 1.000
//5AM
 105 135 155 120 145 160 105 130 145 0 0 85 54 69 85 255 255 255 255 255 255 1.00 1.00 2500.00 80.00 119 120 120 105 105 105 14 17 20 200 0.24 0.30 0.56 3.05 93 108 115 0 0 0 0.80 1.00 0.80 0.80 1.00 1.19 15.93 127.58 1.48 255.32 0.08 217 1.40 3.80 3.70 2.55 13.00 -6 0.690 0.080 0.095 0.110 0.455 0.527 1.000 0.722 0.784 0.851 0.345 0.345 0.345 1.000 1.800 0.075 1.000 0.000 0.430 0.430 0.430 0.252 0.850 0.000 0.132 0.680 0.757 8.000 0.667 1.700 1.000 0.354 0.400 0.124 0.425 1.265 0.650 0.650 0.650 0.192 0.670 0.640 0.600 0.590 5.000 0.000 0.685 0.024 24.000 25.000 26.000 0.115 0.880 0.980 1.000 0.000 0.101 1000.000 0.000 0.000 0.275 1.000 2.100 0.850 1.000 0.999 1.000 0.525 1.10 1.000 1.000
//6AM
 156 202 255 252 247 238 227 218 204 0 0 71 139 162 185 255 255 255 255 255 255 1.00 1.00 2500.00 50.00 119 120 120 105 105 105 41 48 50 240 0.20 0.30 0.50 2.70 96 108 115 0 0 0 0.80 1.00 0.91 0.80 1.00 1.09 16.00 128.00 1.46 256.00 0.08 217 13.00 4.95 5.65 6.25 13.00 -5 0.308 0.755 0.810 0.860 0.870 0.827 0.870 1.000 0.894 0.851 0.920 0.920 0.920 1.000 1.385 0.180 1.000 0.000 0.360 0.360 0.360 0.102 1.243 0.000 0.132 0.680 0.757 8.000 0.667 1.700 1.000 0.354 0.400 0.124 0.843 1.265 0.769 0.769 0.769 0.192 0.795 0.735 0.705 0.120 5.000 0.000 0.685 0.000 24.000 25.000 26.000 0.000 0.000 0.980 1.000 0.000 0.062 1000.000 0.000 0.000 0.275 1.000 1.575 1.000 1.000 1.000 1.000 0.925 2.00 1.000 1.000
//7AM
 168 190 212 218 223 230 218 223 230 0 0 71 97 115 135 255 255 255 255 255 255 1.00 1.00 2500.00 50.00 119 120 120 105 105 105 37 44 45 240 0.16 0.30 0.50 5.05 97 109 115 0 0 0 0.80 1.00 0.90 0.80 1.00 1.09 16.00 128.00 1.46 256.00 0.08 217 13.60 7.10 9.25 10.00 13.00 -3 0.308 0.735 0.800 0.860 0.810 0.827 0.870 1.000 0.894 0.851 0.920 0.920 0.920 1.000 6.390 0.230 1.000 0.000 0.360 0.360 0.360 0.102 1.243 0.000 0.132 0.680 0.757 8.000 0.667 1.700 1.000 0.354 0.400 0.124 0.890 1.265 0.769 0.769 0.769 0.192 0.740 0.740 0.740 0.000 5.000 0.000 0.685 0.000 24.000 25.000 26.000 0.000 0.000 0.980 1.000 0.000 0.062 1000.000 0.000 0.000 0.275 1.000 1.650 1.000 1.000 1.000 1.000 0.925 2.00 1.000 1.000
//9AM
 170 197 222 200 218 235 200 218 235 0 0 40 167 190 210 255 255 255 255 255 255 1.00 1.00 2500.00 50.00 119 120 120 105 105 105 23 30 31 240 0.18 0.30 0.50 4.70 98 110 115 0 0 0 0.80 1.00 0.90 0.80 1.00 1.06 16.00 128.00 1.46 256.00 0.08 217 11.85 4.60 4.75 9.50 13.00 -2 0.308 0.785 0.840 0.890 0.785 0.827 0.870 0.722 0.784 0.851 0.920 0.920 0.920 1.000 10.990 0.155 1.000 0.000 0.360 0.360 0.360 0.102 1.243 0.000 0.132 0.680 0.757 8.000 0.667 1.700 1.000 0.354 0.400 0.124 0.525 1.265 0.769 0.769 0.769 0.192 0.740 0.735 0.730 0.000 5.000 0.000 0.685 0.000 24.000 25.000 26.000 0.000 0.000 0.980 1.000 0.000 0.062 1000.000 0.000 0.000 0.250 0.725 1.650 0.800 1.000 1.000 1.000 0.925 2.00 1.000 1.000
//Midday
 170 197 222 200 218 235 200 218 235 0 0 40 167 190 210 255 255 255 255 255 255 1.00 1.00 2500.00 50.00 119 120 120 105 105 105 22 29 30 240 0.18 0.30 0.50 5.00 98 110 115 0 0 0 0.80 1.00 0.87 0.80 1.00 1.09 16.00 128.00 1.46 256.00 0.08 217 12.65 4.60 4.75 9.00 0.00 -1 0.308 0.805 0.860 0.910 0.785 0.827 0.870 0.722 0.784 0.851 0.920 0.920 0.920 1.000 10.990 0.160 1.000 0.000 0.360 0.360 0.360 0.102 1.243 0.000 0.132 0.680 0.757 8.000 0.667 1.700 1.000 0.354 0.400 0.124 0.525 1.265 0.769 0.769 0.769 0.192 0.740 0.735 0.730 0.000 5.000 0.000 0.685 0.000 24.000 25.000 26.000 0.000 0.000 0.980 1.000 0.000 0.062 1000.000 0.000 0.000 0.250 0.725 1.850 0.900 1.000 1.000 1.000 0.925 2.00 1.000 1.000
//6PM
 170 197 222 200 218 235 200 218 235 0 0 40 167 190 210 255 255 255 255 255 255 1.00 1.00 2500.00 50.00 119 120 120 105 105 105 22 29 30 240 0.19 0.30 0.50 4.80 98 110 115 0 0 0 0.80 1.00 0.85 0.80 1.00 1.06 16.00 128.00 1.46 256.00 0.08 217 12.65 4.60 4.75 9.50 13.00 -2 0.308 0.795 0.850 0.900 0.785 0.827 0.870 0.722 0.784 0.851 0.920 0.920 0.920 1.000 10.990 0.155 1.000 0.000 0.360 0.360 0.360 0.102 1.243 0.000 0.132 0.680 0.757 8.000 0.667 1.700 1.000 0.354 0.400 0.124 0.525 1.265 0.769 0.769 0.769 0.192 0.740 0.735 0.730 0.000 5.000 0.000 0.685 0.000 24.000 25.000 26.000 0.000 0.000 0.980 1.000 0.000 0.062 1000.000 0.000 0.000 0.250 0.725 1.800 0.950 1.000 1.000 1.000 0.925 2.00 1.000 1.000
//7PM
 171 197 212 208 217 225 208 217 225 0 0 28 173 193 215 255 255 255 255 255 255 1.00 1.00 2500.00 50.00 119 120 120 105 105 105 22 29 30 240 0.17 0.30 0.50 5.40 96 108 115 0 0 0 0.80 1.00 0.85 0.80 1.00 1.14 16.00 128.00 1.46 256.00 0.08 217 12.50 5.35 5.00 8.25 13.00 -3 0.308 0.735 0.790 0.840 0.785 0.827 0.870 1.000 0.784 0.851 0.920 0.920 0.920 1.000 1.190 0.225 1.000 0.000 0.360 0.360 0.360 0.102 1.243 0.000 0.132 0.680 0.757 8.000 0.667 1.700 1.000 0.354 0.400 0.124 0.842 1.265 0.769 0.769 0.769 0.192 0.740 0.680 0.650 0.000 5.000 0.000 0.685 0.000 24.000 25.000 26.000 0.000 0.000 0.980 1.000 0.000 0.062 1000.000 0.000 0.000 0.250 0.725 1.475 0.850 1.000 1.000 1.000 0.925 2.00 1.000 1.000
//8PM
 152 172 188 192 197 206 196 201 210 0 0 28 48 58 70 255 255 255 255 255 255 1.00 1.00 2500.00 50.00 119 120 120 105 105 105 28 35 37 240 0.19 0.30 0.50 5.40 96 108 115 0 0 0 0.80 1.00 0.84 0.80 1.00 1.14 15.93 127.60 1.48 255.36 0.08 217 9.95 4.20 4.10 9.50 13.00 -2 0.872 0.625 0.650 0.700 0.810 0.827 0.870 1.000 0.784 0.851 0.920 0.920 0.920 1.000 6.390 0.280 1.000 0.000 0.380 0.380 0.380 0.202 1.243 0.000 0.132 0.680 0.757 8.000 0.667 1.700 1.000 0.354 0.400 0.124 0.890 1.265 0.769 0.769 0.769 0.192 0.730 0.700 0.685 0.000 5.000 0.000 0.685 0.000 24.000 25.000 26.000 0.000 0.000 0.980 1.000 0.000 0.055 1000.000 0.000 0.000 0.275 1.000 1.650 0.950 1.000 1.000 1.000 0.825 2.00 1.000 1.000
//9PM
 125 147 165 155 172 185 160 177 190 0 0 32 55 67 80 255 255 255 255 255 255 1.00 1.00 2500.00 80.00 119 120 120 105 105 105 28 31 34 240 0.21 0.30 0.50 4.00 95 107 115 0 0 0 0.80 1.00 0.84 0.80 1.00 1.14 15.93 127.60 1.48 255.36 0.08 217 8.25 3.70 3.60 4.00 13.00 -4 0.477 0.170 0.190 0.210 0.685 0.827 0.870 0.722 0.784 0.851 0.920 0.920 0.920 1.000 3.595 0.175 1.000 0.000 0.380 0.380 0.380 0.202 0.950 0.000 0.132 0.680 0.757 8.000 0.667 1.700 1.000 0.354 0.400 0.124 0.425 1.265 0.769 0.769 0.769 0.192 0.700 0.605 0.550 0.000 5.000 0.000 0.685 0.024 24.000 25.000 26.000 0.070 0.880 0.980 1.000 0.000 0.055 1000.000 0.000 0.000 0.275 1.000 2.800 0.900 1.000 1.000 1.000 0.825 2.00 1.000 1.000
//10PM
 117 147 167 130 155 170 105 130 145 0 0 85 64 79 95 255 255 255 255 255 255 0.90 0.90 2500.00 80.00 119 120 120 105 105 105 14 17 20 200 0.22 0.30 0.50 4.00 93 108 115 0 0 0 0.80 1.00 0.81 0.80 1.00 1.19 15.93 127.60 1.48 255.36 0.08 217 1.30 4.00 4.00 2.55 13.00 -6 0.872 0.080 0.095 0.110 0.485 0.527 1.000 0.722 0.784 0.851 0.345 0.345 0.345 1.000 1.800 0.075 1.000 0.000 0.430 0.430 0.430 0.252 0.850 0.000 0.132 0.680 0.757 8.000 0.667 1.700 1.000 0.354 0.400 0.124 0.425 1.265 0.769 0.769 0.769 0.192 0.750 0.605 0.560 0.590 5.000 0.000 0.685 0.029 24.000 25.000 26.000 0.115 1.055 0.980 1.000 0.000 0.055 1000.000 0.000 0.000 0.275 1.000 2.200 0.950 1.000 1.000 1.000 0.825 2.00 1.000 1.000

////////// FOGGY
//Amb0            Amb1            Dir            Sky top        Sky bot        SunCore        SunCorona     SunSz  SprBght FarClp   FogSt   LowCloudsRGB  BottomCloudRGB  WaterRGBA      Exposure BPThreshold MidGreyValue IntensityBloom ColourCorrectRGB ColourAddRGB Desaturation Contrast Gamma DesaturationFar ContrastFar GammaFar DepthFxNear DepthFxFar LumMin LumMax LumDelay CloudAlpha DirLightMult AmbLightMult0 AmbLightMult1 SkyLightMult SunMult Temperature   Far DOF   Near DOF   Near Blur DOF   Mid Blur DOF   Far Blur DOF    Water Reflection    Particle HDR    Sprite Size		Global sun multiplier ambient occlusion scaler
//Midnight
 133 185 197 153 192 217 141 180 205 0 0 240 80 109 125 0 0 0 0 0 0 0.85 0.85 2500.00 75.00 35 35 35 36 36 36 13 17 19 239 2.29 0.30 0.72 2.15 95 108 115 0 0 0 0.80 1.00 0.82 0.80 1.00 1.40 15.96 127.74 19.86 256.00 0.00 0 1.52 2.93 2.73 2.55 1.50 -6 0.527 0.095 0.115 0.135 0.510 0.486 1.000 0.600 0.894 0.698 0.360 0.360 0.360 1.000 6.615 0.020 1.000 0.000 0.430 0.430 0.430 0.595 0.500 0.000 0.132 0.680 0.757 8.000 0.667 1.700 1.000 0.188 0.800 0.124 0.890 1.265 0.700 0.700 0.700 0.000 0.830 0.830 0.830 1.000 6.000 0.000 0.685 0.029 24.000 25.000 26.000 0.115 0.095 0.980 1.000 0.000 0.123 1000.000 0.000 0.000 0.400 1.000 2.250 0.800 2.000 1.000 1.000 0.900 0.20 2.000 1.000
//5AM
 133 185 197 149 188 217 145 184 209 0 0 230 80 109 125 0 0 0 0 0 0 0.90 0.90 2500.00 75.00 35 35 35 36 36 36 14 18 20 239 2.29 0.30 0.72 2.15 95 108 115 0 0 0 0.80 1.00 0.83 0.80 1.00 1.40 15.96 127.74 19.86 256.00 0.00 0 1.69 2.93 2.73 2.55 1.50 -6 0.527 0.095 0.115 0.135 0.510 0.486 1.000 0.600 0.894 0.698 0.360 0.360 0.360 1.000 6.615 0.025 1.000 0.000 0.430 0.430 0.430 0.595 0.500 0.000 0.132 0.680 0.757 8.000 0.667 1.700 1.000 0.188 0.800 0.124 0.890 1.265 0.700 0.700 0.700 0.000 0.620 0.575 0.510 1.000 6.000 0.000 0.685 0.024 24.000 25.000 26.000 0.115 0.880 0.980 1.000 0.000 0.148 1000.000 0.000 0.000 0.400 1.000 2.050 0.750 2.000 1.000 1.000 0.900 0.20 2.000 1.000
//6AM
 175 226 255 251 245 235 250 237 220 0 0 232 165 190 220 255 255 255 255 255 255 1.00 1.00 2500.00 75.00 249 250 250 235 235 235 22 28 31 239 0.20 0.30 0.50 1.45 98 109 115 0 0 0 0.80 1.00 0.94 0.80 1.00 0.90 16.00 128.00 1.46 256.00 0.17 77 10.95 3.25 6.25 7.10 6.50 -4 0.527 0.755 0.900 0.940 0.700 0.406 1.000 1.000 0.894 0.698 0.500 0.415 0.295 1.000 3.860 0.190 1.000 0.000 0.450 0.405 0.345 0.250 1.020 0.000 0.132 0.680 0.757 8.000 0.667 1.700 1.000 0.073 0.800 0.124 0.890 1.265 0.795 0.795 0.795 0.140 0.850 0.765 0.645 0.585 6.000 0.000 0.685 0.000 24.000 25.000 26.000 0.000 0.000 0.980 1.000 0.000 0.149 1000.000 0.000 0.000 0.400 1.000 2.350 0.850 2.000 1.000 1.000 0.900 0.20 2.000 1.000
//7AM
 174 227 255 251 246 239 235 225 211 0 0 211 190 215 250 255 255 255 255 255 255 1.00 1.00 2500.00 75.00 249 250 250 235 235 235 19 25 31 239 0.18 0.30 0.61 2.90 99 110 115 0 0 0 0.80 1.00 0.94 0.80 1.00 0.80 16.00 128.00 1.46 256.00 0.17 77 14.00 3.45 3.95 7.80 4.50 -3 0.500 0.715 0.870 0.930 0.580 0.486 0.485 1.000 0.894 0.698 0.540 0.455 0.335 1.000 2.860 0.195 1.000 0.000 0.450 0.405 0.345 0.250 1.080 0.000 0.132 0.680 0.757 8.000 0.667 1.700 1.000 0.073 0.800 0.124 0.890 1.265 0.800 0.800 0.800 0.140 0.920 0.835 0.715 0.585 5.000 0.000 0.685 0.000 24.000 25.000 26.000 0.000 0.000 0.980 1.000 0.000 0.101 25.000 0.000 0.000 0.300 1.000 1.000 1.200 2.000 1.000 1.000 0.000 2.00 1.000 1.000
//9AM
 165 224 244 194 210 226 206 222 238 0 0 196 190 215 250 255 255 255 255 255 255 1.00 1.00 2500.00 75.00 249 250 250 235 235 235 18 24 30 239 0.18 0.30 0.61 2.25 100 111 115 0 0 0 0.80 1.00 0.95 0.80 1.00 0.85 16.00 128.00 1.46 256.00 0.08 77 11.05 3.70 4.30 8.30 3.50 -2 0.500 0.685 0.830 0.940 0.560 0.486 0.485 1.000 0.894 0.698 0.361 0.361 0.361 1.000 3.115 0.230 1.000 0.000 0.500 0.500 0.500 0.275 1.250 0.000 0.132 0.680 0.757 8.000 0.667 1.700 1.000 0.073 0.800 0.124 0.890 1.265 0.800 0.800 0.800 0.140 0.900 0.895 0.890 0.765 5.000 0.000 0.685 0.000 24.000 25.000 26.000 0.000 0.000 0.980 1.000 0.000 0.119 25.000 0.000 0.000 0.300 1.000 1.000 1.050 2.000 1.000 1.000 0.000 2.00 1.000 1.000
//Midday
 168 227 247 197 219 235 201 223 239 0 0 206 195 220 255 255 255 255 255 255 255 1.00 1.00 2500.00 75.00 249 250 250 235 235 235 18 24 30 239 0.20 0.30 0.61 2.25 100 111 115 0 0 0 0.80 1.00 1.00 0.80 1.00 0.80 16.00 128.00 1.46 256.00 0.18 77 11.35 3.85 4.40 8.70 3.00 -1 0.500 0.660 0.810 0.950 0.590 0.486 0.485 1.000 0.894 0.698 0.361 0.361 0.361 1.000 3.115 0.265 1.000 0.000 0.500 0.500 0.500 0.275 1.250 0.000 0.132 0.680 0.757 8.000 0.667 1.700 1.000 0.073 0.800 0.124 0.890 1.265 0.800 0.800 0.800 0.140 0.930 0.930 0.930 0.785 5.000 0.000 0.685 0.000 24.000 25.000 26.000 0.000 0.000 0.980 1.000 0.000 0.119 25.000 0.000 0.000 0.300 1.000 1.000 1.000 2.000 1.000 1.000 0.000 2.00 1.000 1.000
//6PM
 168 227 248 203 219 235 203 219 235 0 0 201 195 220 255 255 255 255 255 255 255 1.00 1.00 2500.00 75.00 249 250 250 235 235 235 18 24 30 239 0.19 0.30 0.61 2.50 100 111 115 0 0 0 0.80 1.00 1.00 0.80 1.00 0.85 16.00 128.00 1.46 256.00 0.18 77 11.05 3.65 4.25 8.70 3.00 -3 0.500 0.670 0.820 0.935 0.600 0.486 0.485 1.000 0.894 0.698 0.361 0.361 0.361 1.000 3.115 0.260 1.000 0.000 0.500 0.500 0.500 0.275 1.250 0.000 0.132 0.680 0.757 8.000 0.667 1.700 1.000 0.073 0.800 0.124 0.890 1.265 0.800 0.800 0.800 0.140 0.930 0.925 0.920 0.785 6.000 0.000 0.685 0.000 24.000 25.000 26.000 0.000 0.000 0.980 1.000 0.000 0.000 25.000 0.000 0.000 0.300 1.000 1.000 1.000 1.000 1.000 1.000 0.000 2.00 1.000 1.000
//7PM
 172 227 246 250 244 234 250 239 222 0 0 189 195 220 255 255 255 255 255 255 255 1.00 1.00 2500.00 75.00 249 250 250 235 235 235 17 23 29 239 0.18 0.30 0.59 2.40 98 109 115 0 0 0 0.80 1.00 0.97 0.80 1.00 0.90 16.00 128.00 1.46 256.00 0.08 77 12.35 3.55 4.45 9.20 3.00 -5 0.500 0.685 0.835 0.910 0.760 0.486 0.485 1.000 0.890 0.698 0.400 0.310 0.200 1.000 3.615 0.215 1.000 0.000 0.460 0.400 0.345 0.250 1.100 0.000 0.132 0.680 0.757 8.000 0.667 1.700 1.000 0.073 0.800 0.124 0.890 1.265 0.400 0.400 0.400 0.140 0.800 0.745 0.645 0.570 6.000 0.000 0.685 0.000 24.000 25.000 26.000 0.000 0.000 0.980 1.000 0.000 0.124 25.000 0.000 0.000 0.300 1.000 1.000 0.500 1.000 1.000 1.000 0.000 2.00 1.000 1.000
//8PM
 182 225 255 250 242 230 246 231 212 0 0 177 195 220 255 255 255 255 255 255 255 1.00 1.00 2500.00 75.00 141 141 141 255 255 255 16 22 28 238 0.19 0.30 0.50 2.40 98 109 115 0 0 0 0.80 1.00 0.98 0.80 1.00 1.05 16.00 128.00 1.46 256.00 0.08 0 12.35 3.80 4.70 9.20 3.00 -5 0.527 0.700 0.850 0.910 0.765 0.506 1.000 1.000 0.894 0.698 0.400 0.310 0.200 1.000 4.000 0.215 1.000 0.000 0.460 0.400 0.345 0.250 1.099 0.000 0.132 0.680 0.757 8.000 0.667 1.700 1.000 0.073 0.800 0.124 0.890 1.265 0.400 0.400 0.400 0.140 0.800 0.735 0.625 0.580 6.000 0.000 0.685 0.000 24.000 25.000 26.000 0.000 0.000 0.980 1.000 0.000 0.090 1000.000 0.000 0.000 0.300 1.000 2.100 0.750 2.000 1.000 1.000 0.400 2.00 1.000 1.000
//9PM
 166 212 235 235 220 201 231 220 206 0 0 200 97 122 140 255 255 255 255 255 255 1.00 1.00 2500.00 75.00 141 141 141 255 255 255 16 22 28 238 0.31 0.30 0.57 3.65 97 109 115 0 0 0 0.80 1.00 0.91 0.80 1.00 1.20 16.00 128.00 1.46 256.00 0.10 0 6.85 2.65 2.80 5.25 4.50 -5 0.500 0.460 0.530 0.590 0.800 0.606 1.000 1.000 0.894 0.698 0.400 0.250 0.150 1.000 6.000 0.215 1.000 0.000 0.430 0.385 0.385 0.230 0.999 0.000 0.132 0.680 0.757 8.000 0.667 1.700 1.000 0.073 0.800 0.124 0.890 1.265 0.360 0.360 0.360 0.140 0.720 0.570 0.470 0.325 6.000 0.000 0.685 0.024 24.000 25.000 26.000 0.070 0.880 0.980 1.000 0.000 0.000 1000.000 0.000 0.000 0.300 1.000 2.000 0.800 2.000 1.000 1.000 0.400 2.00 1.000 1.000
//10PM
 138 190 202 153 192 217 146 185 210 0 0 220 80 109 125 0 0 0 0 0 0 0.85 0.85 2500.00 75.00 35 35 35 36 36 36 13 17 19 164 2.29 0.30 0.72 3.30 95 108 115 0 0 0 0.80 1.00 0.82 0.80 1.00 1.40 15.96 127.74 19.86 256.00 0.00 0 1.47 3.03 2.73 2.65 1.50 -5 0.500 0.095 0.115 0.135 0.510 0.486 1.000 0.600 0.894 0.698 0.360 0.360 0.360 1.000 6.615 0.020 1.000 0.000 0.430 0.430 0.430 0.595 0.500 0.000 0.132 0.680 0.757 8.000 0.667 1.700 1.000 0.188 0.800 0.124 0.890 1.265 0.700 0.700 0.700 0.000 0.830 0.830 0.830 1.000 6.000 0.000 0.685 0.029 24.000 25.000 26.000 0.115 1.055 0.980 1.000 0.000 0.000 1000.000 0.000 0.000 0.300 1.000 2.150 0.850 2.000 1.000 1.000 0.400 2.00 1.000 1.000

////////// LIGHTNING
//Amb0            Amb1            Dir            Sky top        Sky bot        SunCore        SunCorona     SunSz  SprBght FarClp   FogSt   LowCloudsRGB  BottomCloudRGB  WaterRGBA      Exposure BPThreshold MidGreyValue IntensityBloom ColourCorrectRGB ColourAddRGB Desaturation Contrast Gamma DesaturationFar ContrastFar GammaFar DepthFxNear DepthFxFar LumMin LumMax LumDelay CloudAlpha DirLightMult AmbLightMult0 AmbLightMult1 SkyLightMult SunMult Temperature   Far DOF   Near DOF   Near Blur DOF   Mid Blur DOF   Far Blur DOF    Water Reflection    Particle HDR    Sprite Size		Global sun multiplier ambient occlusion scaler
//Midnight
 77 142 160 69 148 165 62 132 145 0 0 135 50 93 105 255 255 255 255 255 255 1.00 1.00 2500.00 70.00 119 120 120 105 105 105 13 19 20 125 0.21 0.30 0.61 0.35 91 115 113 0 0 0 0.80 1.00 0.82 0.80 1.00 1.15 16.00 128.00 1.46 256.00 0.11 77 1.30 2.50 2.45 2.40 13.00 -12 1.393 0.015 0.060 0.080 0.400 0.486 1.000 1.000 0.894 0.698 0.360 0.360 0.360 1.000 1.300 0.105 1.000 0.000 0.450 0.450 0.450 0.252 0.850 0.000 0.132 0.680 0.757 8.000 0.837 1.700 1.000 0.354 0.400 1.112 0.842 1.265 0.600 0.600 0.600 0.925 0.890 0.870 0.860 0.620 5.000 0.000 0.685 0.029 24.000 25.000 26.000 0.115 0.095 0.980 1.000 0.000 0.419 130.750 0.000 0.000 0.000 0.300 2.325 0.850 1.000 1.000 1.000 0.750 2.00 1.000 1.000
//5AM
 62 143 162 83 156 169 62 132 145 0 0 135 50 93 105 255 255 255 255 255 255 1.00 1.00 2500.00 70.00 119 120 120 105 105 105 12 18 20 125 0.21 0.30 0.61 2.90 91 115 113 0 0 0 0.80 1.00 0.82 0.80 1.00 1.15 16.00 128.00 1.46 256.00 0.11 77 1.30 3.50 3.75 2.50 13.00 -9 1.393 0.015 0.060 0.080 0.400 0.486 1.000 1.000 0.894 0.698 0.360 0.360 0.360 1.000 1.300 0.105 1.000 0.000 0.450 0.450 0.450 0.252 0.850 0.000 0.132 0.680 0.757 8.000 0.837 1.700 1.000 0.354 0.400 1.112 0.842 1.265 0.600 0.600 0.600 0.925 0.890 0.870 0.860 0.620 5.000 0.000 0.685 0.024 24.000 25.000 26.000 0.115 0.880 0.980 1.000 0.000 0.419 130.750 0.000 0.000 0.000 0.300 2.125 0.750 1.000 1.000 1.000 0.750 2.00 1.000 1.000
//6AM
 186 206 237 203 216 237 188 201 222 0 0 97 99 115 130 255 255 255 255 255 255 1.00 1.00 2500.00 40.50 119 120 120 105 105 105 26 33 38 239 0.19 0.30 0.50 5.05 95 115 115 0 0 0 0.80 1.00 0.92 0.80 1.00 1.05 16.00 128.00 1.46 256.00 0.08 77 10.50 3.80 6.50 6.50 0.00 -8 0.960 0.700 0.760 0.820 0.810 0.906 1.000 1.000 0.894 0.698 0.360 0.360 0.360 1.000 6.615 0.215 1.000 0.000 0.480 0.480 0.480 0.368 0.998 0.000 0.132 0.680 0.488 8.000 0.667 0.365 1.000 0.026 0.400 0.846 0.890 1.265 0.800 0.800 0.800 0.000 0.570 0.570 0.570 0.000 8.000 0.000 0.685 0.000 24.000 25.000 26.000 0.000 0.000 0.980 1.000 0.000 0.140 1000.000 0.000 0.000 0.000 1.000 1.750 0.900 1.000 1.000 1.000 0.725 2.00 1.000 1.000
//7AM
 171 201 229 167 187 206 196 216 235 0 0 97 99 116 130 255 255 255 255 255 255 1.00 1.00 2500.00 40.50 119 120 120 105 105 105 38 46 50 239 0.18 0.30 0.50 3.55 96 115 115 0 0 0 0.80 1.00 0.91 0.80 1.00 1.05 16.00 128.00 1.46 256.00 0.08 77 12.45 5.60 6.00 7.50 0.00 -7 1.045 0.690 0.750 0.810 0.810 0.906 1.000 1.000 0.894 0.698 0.360 0.360 0.360 1.000 6.615 0.215 1.000 0.000 0.480 0.480 0.480 0.368 0.998 0.000 0.132 0.680 0.488 8.000 0.667 0.365 1.000 0.026 0.400 0.846 0.890 1.265 0.800 0.800 0.800 0.000 0.570 0.570 0.570 0.000 8.000 0.000 0.685 0.000 24.000 25.000 26.000 0.000 0.000 0.980 1.000 0.000 0.314 1000.000 0.000 0.000 0.000 1.000 1.450 0.900 1.000 1.000 1.000 0.725 2.00 1.000 1.000
//9AM
 161 191 219 186 206 225 183 203 222 0 0 62 101 116 130 255 255 255 255 255 255 1.00 1.00 2500.00 40.50 119 120 120 105 105 105 19 26 31 239 0.20 0.30 0.50 2.95 96 115 115 0 0 0 0.80 1.00 0.91 0.80 1.00 1.02 16.00 128.00 1.46 256.00 0.08 77 11.40 4.35 4.80 8.35 0.00 -6 1.045 0.700 0.760 0.820 0.810 0.906 1.000 1.000 0.894 0.698 0.360 0.360 0.360 1.000 6.615 0.215 1.000 0.000 0.480 0.480 0.480 0.368 0.998 0.000 0.132 0.680 0.488 8.000 0.667 0.365 1.000 0.026 0.400 0.846 0.890 1.265 0.800 0.800 0.800 0.000 0.570 0.570 0.570 0.000 8.000 0.000 0.685 0.000 24.000 25.000 26.000 0.000 0.000 0.980 1.000 0.000 0.314 1000.000 0.000 0.000 0.000 1.000 1.250 0.850 1.000 1.000 1.000 0.725 2.00 1.000 1.000
//Midday
 164 194 222 186 206 225 183 203 222 0 0 62 95 114 130 255 255 255 255 255 255 1.00 1.00 2500.00 40.50 119 120 120 105 105 105 26 33 38 239 0.20 0.30 0.50 5.05 96 115 115 0 0 0 0.80 1.00 0.90 0.80 1.00 1.05 16.00 128.00 1.46 256.00 0.08 77 11.45 3.80 5.00 8.05 0.00 -5 0.600 0.720 0.780 0.840 0.810 0.906 1.000 1.000 0.894 0.698 0.360 0.360 0.360 1.000 6.615 0.215 1.000 0.000 0.480 0.480 0.480 0.368 0.998 0.000 0.132 0.680 0.488 8.000 0.667 0.365 1.000 0.026 0.400 0.846 0.890 1.265 0.800 0.800 0.800 0.000 0.570 0.570 0.570 0.000 8.000 0.000 0.685 0.000 24.000 25.000 26.000 0.000 0.000 0.980 1.000 0.000 0.163 1000.000 0.000 0.000 0.000 1.000 1.450 0.750 1.000 1.000 1.000 0.725 2.00 1.000 1.000
//6PM
 164 194 222 186 206 225 173 193 212 0 0 62 101 116 130 255 255 255 255 255 255 1.00 1.00 2500.00 40.50 119 120 120 105 105 105 21 28 33 239 0.21 0.30 0.50 5.05 96 115 115 0 0 0 0.80 1.00 0.88 0.80 1.00 1.02 16.00 128.00 1.46 256.00 0.08 77 11.45 3.80 5.00 8.35 0.00 -6 0.600 0.700 0.760 0.820 0.810 0.906 1.000 1.000 0.894 0.698 0.360 0.360 0.360 1.000 6.615 0.215 1.000 0.000 0.480 0.480 0.480 0.368 0.998 0.000 0.132 0.680 0.488 8.000 0.667 0.365 1.000 0.026 0.400 0.846 0.890 1.265 0.800 0.800 0.800 0.000 0.570 0.570 0.570 0.000 8.000 0.000 0.685 0.000 24.000 25.000 26.000 0.000 0.000 0.980 1.000 0.000 0.220 1000.000 0.000 0.000 0.000 1.000 1.400 0.700 1.000 1.000 1.000 0.725 2.00 1.000 1.000
//7PM
 159 188 212 191 208 225 167 186 202 0 0 47 96 117 130 255 255 255 255 255 255 1.00 1.00 2500.00 40.50 119 120 120 105 105 105 18 26 30 239 0.18 0.30 0.50 5.05 96 115 115 0 0 0 0.80 1.00 0.88 0.80 1.00 1.10 16.00 128.00 1.46 256.00 0.08 77 10.80 4.35 5.25 7.15 0.00 -7 0.600 0.610 0.670 0.730 0.810 0.906 1.000 1.000 0.894 0.698 0.360 0.360 0.360 1.000 6.615 0.215 1.000 0.000 0.480 0.480 0.480 0.368 0.998 0.000 0.132 0.680 0.488 8.000 0.667 0.365 1.000 0.026 0.400 0.846 0.890 1.265 0.800 0.800 0.800 0.000 0.570 0.570 0.570 0.000 8.000 0.000 0.685 0.000 24.000 25.000 26.000 0.000 0.000 0.980 1.000 0.000 0.111 1000.000 0.000 0.000 0.000 1.000 2.025 0.650 1.000 1.000 1.000 0.725 2.00 1.000 1.000
//8PM
 150 174 193 183 199 212 165 181 194 0 0 47 96 117 130 255 255 255 255 255 255 1.00 1.00 2500.00 40.50 119 120 120 105 105 105 16 23 26 239 0.19 0.30 0.50 5.05 94 115 114 0 0 0 0.80 1.00 0.88 0.80 1.00 1.10 16.00 128.00 1.46 256.00 0.08 77 9.95 3.60 4.75 9.00 0.00 -6 0.600 0.515 0.565 0.610 0.810 0.906 1.000 1.000 0.894 0.698 0.360 0.360 0.360 1.000 6.615 0.215 1.000 0.000 0.480 0.480 0.480 0.368 0.998 0.000 0.132 0.680 0.488 8.000 0.667 0.365 1.000 0.026 0.400 0.846 0.890 1.265 0.329 0.329 0.329 0.000 0.570 0.570 0.570 0.000 8.000 0.000 0.685 0.000 24.000 25.000 26.000 0.000 0.000 0.980 1.000 0.000 0.170 1000.000 0.000 0.000 0.000 0.725 2.725 1.050 1.000 1.000 1.000 0.725 2.00 1.000 1.000
//9PM
 118 157 175 138 170 185 150 175 190 0 0 54 83 109 120 255 255 255 255 255 255 1.00 1.00 2500.00 70.00 119 120 120 105 105 105 21 25 26 125 0.20 0.30 0.61 2.90 94 115 114 0 0 0 0.80 1.00 0.84 0.80 1.00 1.10 16.00 128.00 1.46 256.00 0.11 77 8.00 3.45 3.65 3.50 13.00 -9 1.393 0.130 0.175 0.215 0.560 0.486 1.000 1.000 0.894 0.698 0.360 0.360 0.360 1.000 1.300 0.175 1.000 0.000 0.380 0.380 0.380 0.202 0.950 0.000 0.132 0.680 0.757 8.000 0.837 1.700 1.000 0.354 0.400 1.112 0.842 1.265 0.300 0.300 0.300 0.925 0.890 0.870 0.860 0.420 5.000 0.000 0.685 0.024 24.000 25.000 26.000 0.070 0.880 0.980 1.000 0.000 0.419 130.750 0.000 0.000 -0.000 0.225 2.125 0.750 1.000 1.000 1.000 0.750 2.00 1.000 1.000
//10PM
 79 138 155 82 152 165 58 127 140 0 0 135 55 98 115 255 255 255 255 255 255 1.00 1.00 2500.00 70.00 119 120 120 105 105 105 13 19 20 125 0.21 0.30 0.61 2.65 93 115 113 0 0 0 0.80 1.00 0.82 0.80 1.00 1.15 16.00 128.00 1.46 256.00 0.11 77 1.30 3.85 3.80 2.50 13.00 -10 1.393 0.015 0.060 0.080 0.400 0.486 1.000 1.000 0.894 0.698 0.360 0.360 0.360 1.000 1.300 0.105 1.000 0.000 0.450 0.450 0.450 0.252 0.850 0.000 0.132 0.680 0.757 8.000 0.837 1.700 1.000 0.354 0.400 1.112 0.842 1.265 0.600 0.600 0.600 0.925 0.890 0.870 0.860 0.620 5.000 0.000 0.685 0.029 24.000 25.000 26.000 0.115 1.055 0.980 1.000 0.000 0.419 130.750 0.000 0.000 0.000 0.225 2.225 0.800 1.000 1.000 1.000 0.750 2.00 1.000 1.000

////////// TEMP
//Amb0            Amb1            Dir            Sky top        Sky bot        SunCore        SunCorona     SunSz  SprBght FarClp   FogSt   LowCloudsRGB  BottomCloudRGB  WaterRGBA      Exposure BPThreshold MidGreyValue IntensityBloom ColourCorrectRGB ColourAddRGB Desaturation Contrast Gamma DesaturationFar ContrastFar GammaFar DepthFxNear DepthFxFar LumMin LumMax LumDelay CloudAlpha DirLightMult AmbLightMult0 AmbLightMult1 SkyLightMult SunMult Temperature   Far DOF   Near DOF   Near Blur DOF   Mid Blur DOF   Far Blur DOF    Water Reflection    Particle HDR    Sprite Size		Global sun multiplier ambient occlusion scaler
//Midnight
 153 148 169 158 156 174 210 252 252 0 0 79 75 125 170 255 255 255 255 255 255 1.00 1.00 2500.00 73.00 119 120 120 105 105 105 76 76 76 125 0.17 0.00 0.61 2.70 110 110 110 0 0 0 0.80 1.00 0.92 0.80 1.00 1.25 16.00 128.00 1.46 256.00 0.11 77 2.75 4.45 4.17 4.50 13.00 10 1.393 0.290 0.305 0.320 0.870 0.486 0.486 1.000 0.894 0.698 0.360 0.360 0.360 1.000 1.300 0.155 1.000 0.000 0.200 0.200 0.200 0.102 1.243 0.000 0.132 0.680 0.757 8.000 0.837 1.700 1.000 0.354 0.400 1.112 0.842 1.265 0.000 0.000 0.000 0.925 0.890 0.825 0.800 0.164 5.000 0.000 0.685 0.024 24.000 25.000 26.000 0.095 0.880 0.980 1.000 0.000 0.419 130.750 0.000 0.000 0.000 0.300 1.750 0.975 1.000 1.000 1.000 0.750 2.00 1.000 1.000
//5AM
 235 160 21 30 183 217 242 255 217 0 0 0 0 200 255 0 0 0 0 0 0 1.00 1.00 2500.00 50.00 35 35 35 36 36 36 0 0 0 50 0.26 1.86 0.41 10.00 110 110 110 0 0 0 0.80 1.00 0.72 0.80 1.00 1.25 15.00 348.75 0.47 176.13 0.10 0 0.00 1.60 1.85 0.05 0.00 0 0.565 0.680 0.840 1.000 0.810 0.906 1.000 1.000 0.894 0.698 0.360 0.360 0.360 1.000 6.615 0.215 1.000 0.000 0.480 0.480 0.480 0.368 0.998 0.000 0.132 0.680 0.757 8.000 0.667 1.700 1.000 0.088 0.400 0.124 0.890 1.265 0.800 0.800 0.800 0.140 0.955 0.760 0.760 0.164 100.000 0.000 0.685 0.024 24.000 25.000 26.000 0.095 0.880 0.980 1.000 0.000 0.000 1000.000 0.000 0.000 0.475 1.000 1.550 0.775 1.000 1.000 1.000 0.000 2.00 1.000 1.000
//6AM
 255 227 166 250 136 42 255 179 42 0 0 24 255 140 140 255 255 255 255 255 255 1.00 1.00 2500.00 73.00 119 120 120 105 105 105 61 31 0 239 0.14 0.00 0.61 2.90 110 110 110 0 0 0 0.80 1.00 0.71 0.80 1.00 1.15 16.00 128.00 1.46 256.00 0.17 77 20.75 4.00 4.50 12.75 13.00 10 0.032 0.680 0.840 1.000 0.870 0.486 0.486 1.000 0.894 0.698 1.000 1.000 1.000 1.000 1.860 0.205 1.000 0.000 0.480 0.480 0.480 0.396 1.296 0.252 0.132 0.680 0.757 8.000 0.667 1.700 1.000 0.088 0.400 0.124 0.890 1.265 0.800 0.800 0.800 0.140 0.955 0.760 0.760 0.164 25.000 0.000 0.685 0.000 24.000 25.000 26.000 0.000 0.000 0.980 1.000 0.000 0.000 1000.000 0.000 0.000 0.225 1.000 1.050 1.000 1.000 1.000 1.000 0.800 2.00 1.000 1.000
//7AM
 255 255 255 255 254 255 255 255 255 0 0 0 155 210 255 255 255 255 255 255 255 1.00 1.00 2500.00 100.00 120 120 120 105 105 105 40 50 60 240 0.11 0.22 0.50 0.65 110 110 110 0 0 0 0.80 1.00 0.72 0.80 1.00 1.15 16.00 128.00 1.46 256.00 0.08 77 46.00 2.00 10.25 14.50 13.00 15 1.500 0.680 0.840 1.000 0.920 0.961 1.000 1.000 0.894 0.698 0.360 0.360 0.360 1.000 2.175 0.430 1.000 0.000 0.480 0.480 0.480 0.345 0.000 0.000 0.132 0.680 0.757 8.000 0.000 1.572 1.000 0.088 0.400 0.124 0.000 1.265 0.800 0.800 0.800 0.295 0.760 0.735 0.720 0.274 100.000 0.000 0.685 0.000 24.000 25.000 26.000 0.000 0.000 0.980 1.000 0.062 0.259 1000.000 0.000 0.000 0.000 1.000 1.000 1.000 1.000 1.000 1.000 0.875 2.00 1.000 1.000
//9AM
 255 255 255 255 254 255 255 255 255 0 0 0 255 255 255 255 255 255 255 255 255 1.00 1.00 2500.00 100.00 120 120 120 105 105 105 40 50 60 240 0.11 0.22 0.50 5.05 110 110 110 0 0 0 0.80 1.00 0.72 0.80 1.00 1.15 16.00 128.00 1.46 256.00 0.08 77 0.00 22.00 22.00 14.50 13.00 15 0.030 0.680 0.840 1.000 0.920 0.961 1.000 1.000 0.894 0.698 0.360 0.360 0.360 1.000 2.175 0.430 1.000 0.000 0.480 0.480 0.480 0.345 0.000 0.000 0.132 0.680 0.757 8.000 0.000 1.572 1.000 0.088 0.400 0.124 0.000 1.265 0.800 0.800 0.800 0.295 0.760 0.735 0.720 0.274 100.000 0.000 0.685 0.000 24.000 25.000 26.000 0.000 0.000 0.980 1.000 0.062 0.259 1000.000 0.000 0.000 0.000 1.000 1.000 1.000 1.000 1.000 1.000 0.000 2.00 1.000 1.000
//Midday
 255 242 242 247 240 240 255 254 252 0 0 0 240 240 240 255 255 255 255 255 255 1.00 1.00 2500.00 73.00 119 120 120 105 105 105 40 50 60 239 0.22 0.48 0.48 0.15 110 110 110 0 0 0 0.80 1.00 1.00 0.80 1.00 1.15 16.00 128.00 0.28 256.00 0.00 77 3.50 3.50 3.75 3.25 13.00 10 0.500 0.280 0.470 0.660 0.870 0.486 0.486 1.000 0.894 0.698 0.360 0.360 0.360 1.000 1.300 0.165 1.000 0.000 0.450 0.450 0.450 0.303 0.438 0.000 0.132 0.680 0.757 8.000 0.667 1.700 1.000 0.645 0.400 0.124 0.425 1.265 0.000 0.000 0.000 0.140 0.940 0.630 0.490 0.164 100.000 0.000 0.685 0.000 24.000 25.000 26.000 0.000 0.000 0.980 1.000 0.032 0.000 1000.000 0.000 0.000 0.325 1.000 1.000 1.000 1.000 1.000 1.000 1.000 2.00 1.000 1.000
//6PM
 166 230 255 255 195 117 250 228 117 0 0 0 255 255 255 255 255 255 255 255 255 1.00 1.00 2500.00 73.00 119 120 120 105 105 105 40 50 60 239 0.15 0.00 0.61 2.90 110 110 110 0 0 0 0.80 1.00 0.71 0.80 1.00 1.15 16.00 128.00 1.46 256.00 0.08 77 20.75 9.50 8.50 14.50 13.00 10 0.500 0.680 0.840 1.000 0.870 0.486 0.486 1.000 0.894 0.698 0.360 0.360 0.360 1.000 1.860 0.205 1.000 0.000 0.450 0.450 0.450 0.396 1.109 0.000 0.132 0.680 0.757 8.000 0.667 1.700 1.000 0.754 0.400 0.124 0.890 1.265 0.000 0.000 0.000 0.140 0.955 0.760 0.760 0.164 100.000 0.000 0.685 0.000 24.000 25.000 26.000 0.000 0.000 0.980 1.000 0.000 0.000 1000.000 0.000 0.000 0.000 1.000 1.000 1.000 1.000 1.000 1.000 0.000 2.00 1.000 1.000
//7PM
 250 253 255 117 172 255 255 232 255 0 0 0 155 210 255 255 255 255 255 255 255 1.00 1.00 2500.00 73.00 119 120 120 105 105 105 40 50 60 239 0.11 0.00 0.50 1.30 110 110 110 0 0 0 0.80 1.00 0.72 0.80 1.00 1.20 16.00 128.00 1.46 256.00 0.08 77 15.50 9.50 13.75 14.50 13.00 0 0.460 0.680 0.840 1.000 0.810 0.906 1.000 1.000 0.894 0.698 0.360 0.360 0.360 1.000 6.615 0.215 1.000 0.000 0.480 0.480 0.480 0.368 0.998 0.000 0.132 0.680 0.757 8.000 0.667 1.700 1.000 0.088 0.400 0.124 0.890 1.265 0.800 0.800 0.800 0.140 0.955 0.760 0.760 0.164 8.000 0.000 0.685 0.000 24.000 25.000 26.000 0.000 0.000 0.980 1.000 0.000 0.000 1000.000 0.000 0.000 0.000 1.000 1.000 1.000 1.000 1.000 1.000 0.700 2.00 1.000 1.000
//8PM
 255 227 166 250 136 42 255 134 42 0 0 24 255 140 140 255 255 255 255 255 255 1.00 1.00 2500.00 73.00 119 120 120 105 105 105 61 31 0 239 0.14 0.00 0.61 2.90 110 110 110 0 0 0 0.80 1.00 0.71 0.80 1.00 1.20 16.00 128.00 1.46 256.00 0.17 77 20.75 4.00 4.50 10.00 13.00 10 0.400 1.000 0.840 0.680 0.870 0.486 0.486 1.000 0.894 0.698 1.000 1.000 1.000 1.000 1.860 0.205 1.000 0.000 0.480 0.480 0.480 0.396 1.296 0.252 0.132 0.680 0.757 8.000 0.667 1.700 1.000 0.088 0.400 0.124 0.890 1.265 0.800 0.800 0.800 0.140 0.950 0.905 0.760 0.164 100.000 0.000 0.685 0.000 24.000 25.000 26.000 0.000 0.000 0.980 1.000 0.000 0.000 1000.000 0.000 0.000 0.225 1.000 1.050 1.000 1.000 1.000 1.000 0.000 2.00 1.000 1.000
//9PM
 255 227 166 250 136 42 255 134 42 0 0 24 255 140 140 255 255 255 255 255 255 1.00 1.00 2500.00 73.00 119 120 120 105 105 105 61 31 0 239 0.14 0.00 0.61 2.90 110 110 110 0 0 0 0.80 1.00 0.71 0.80 1.00 1.20 16.00 128.00 1.46 256.00 0.17 77 20.75 4.00 4.50 10.00 13.00 10 0.400 1.000 0.840 0.680 0.870 0.486 0.486 1.000 0.894 0.698 1.000 1.000 1.000 1.000 1.860 0.205 1.000 0.000 0.480 0.480 0.480 0.396 1.296 0.252 0.132 0.680 0.757 8.000 0.667 1.700 1.000 0.088 0.400 0.124 0.890 1.265 0.800 0.800 0.800 0.140 0.950 0.905 0.760 0.164 100.000 0.000 0.685 0.024 24.000 25.000 26.000 0.070 0.880 0.980 1.000 0.000 0.000 1000.000 0.000 0.000 0.225 1.000 1.050 1.000 1.000 1.000 1.000 0.000 2.00 1.000 1.000
//10PM
 0 180 240 0 180 240 0 46 240 0 0 0 0 0 0 255 128 0 255 128 0 1.00 1.00 2500.00 10.00 70 70 70 34 34 34 11 16 20 240 3.66 0.77 0.19 1.25 110 110 110 0 0 0 0.80 1.00 0.83 0.80 1.00 1.25 16.00 128.00 3.49 256.00 0.20 0 4.50 1.00 1.00 4.00 1.00 0 2.000 0.000 0.500 1.000 0.000 0.500 1.000 0.000 0.500 1.000 1.000 1.000 1.000 1.000 11.000 1.000 1.000 0.000 0.800 0.800 0.800 1.000 0.500 0.100 0.312 0.680 0.500 8.000 0.312 1.700 1.000 0.088 0.300 0.000 1.580 1.200 0.800 0.800 0.800 0.000 0.950 0.760 0.760 0.000 1.700 0.315 0.685 0.041 24.000 25.000 26.000 0.145 1.055 0.980 1.000 0.000 2.000 1000.000 0.000 0.000 0.000 1.000 1.650 1.000 1.000 1.000 1.000 0.000 2.00 1.000 1.000

// This file is edited in EditIV by MysTer92
